    PSR J      R.A. (J2000)        Dec. (J2000)         Period              Þ         Epoch         DM       Ơ,      Å
               hh mm ss                                   (s)             (10-15)    (MJD)       (cm33 pc)  (ms)
   0108-1431   01:08:08.318 (5)  -14:31:49.2 (1)   0.80756460135 (2)    0.0744 (4)   48967.00     2.380 (10) 1.13   -1.
   0133-6957   01:33:32.46 (1)   -69:57:29.68 (3)  0.463473741703 (3)   0.1200 (2)   49980.19    22.948 (8)  0.78   -1.9
   0134-2937   01:34:18.6629 (3) -29:37:16.835 (7) 0.13696157435266 (6) 0.078363 (3) 49401.30    21.7963 (6)   0.07   -2.8
   0211-8159   02:11:59.0 (3)    -81:59:36.2 (3)   1.0773327013 (8)     0.29 (2)     49525.14    24.36 (3)   1.85
   0421-0345   04:21:33.559 (5)  -03:45:06.7 (2)   1.080654188533 (6)   0.5813 (4)   49678.60    44.59 (2)   0.86 <-1.7
   0448-2749   04:48:41.561 (3)  -27:49:46.79 (8)  0.450448314506 (5)   0.1511 (3)   49734.10    26.192 (10) 0.84   -1.5
   0459-0210   04:59:51.945 (2)  -02:10:06.79 (8)  1.133075947500 (3)   1.3981 (2)   49386.70    21.055 (8)  0.36 <-2.0
   0520-2553   05:20:36.199 (8)  -25:53:12.32 (9)  0.24164217178 (2)    0.032 (1)    49731.37    33.773 (7)  0.25
   0540-7125   05:40:30.8 (3)    -71:25:31.4 (5)   1.286014595 (3)      0.82 (8)     49527.17    29.41 (7)   2.33
   0725-1635   07:25:00.406 (2)  -16:35:45.82 (4)  0.2121556955477 (5)  0.04625 (2)  49373.70    98.990 (6)  0.43 <-2.2
   0749-4247   07:49:49.675 (4)  -42:47:42.14 (4)  0.547726078805 (7)   0.4885 (2)   49014.00   104.595 (9)  1.12   -1.8
   0857-4424   08:57:55.159 (2)  -44:24:10.32 (3)  0.326774210079 (2)  23.34387 (5)  49080.00   184.429 (4)  21.24   0.3
   0905-4536   09:05:23.90 (5)   -45:36:53.0 (5)   0.9882805974 (2)     0.149 (3)    48818.00   116.8 (2)    3.57   -1.3
   0903-3127   09:05:51.922 (4)  -51:27:48.71 (4)  0.346287436779 (2)  24.89796 (4)  48938.00   196.432 (4)  11.07  -1.6
   0941-5244   09:41:41.147 (6)  -52:44:04.48 (5)  0.65855761432 (1)    1.1379 (2)   48930.00   157.940 (10) 1.25   -1.8
   1006-6311   10:06:36.60 (2)   -63:11:41.2 (2)   0.8357974680 (2)     0.573 (3)    49178.02   195.99 (5)   1.25
   1034-3224   10:34:19.482 (7)  -32:24:26.3 (1)   1.150590394850 (9)   0.2312 (2)   49020.50    50.86 (2)   1.27
   1036-4926   10:36:13.073 (5)  -49:26:21.77 (5)  0.510368133101 (8)   1.64838 (10) 48734.00   136.529 (10) 1.33   -1.6
   1047-3032   10:47:00.811 (4)  -30:32:17.70 (5)  0.330328044914 (2)   0.06096 (9)  49609.40    52.357 (8)  0.45   -1.2
   1047-6709   10:47:28.282 (2)  -67:09:51.066 (9) 0.1984514505627 (8)  1.68714 (2)  49139.00   116.156 (2)    0.32   -1.4
   1123-4844   11:23:15.651 (2)  -48:44:22.75 (4)  0.244838478401 (7)   0.0654 (2)   49542.28    92.915 (3)  0.09
   1123-6259   11:23:55.55 (2)   -62:59:11.0 (2)   0.27143348308 (5)    5.2536 (6)   49178.21   223.26 (3)   0.06
   1123-6651   11:23:52.210 (5)  -66:51:49.07 (2)  0.232976432603 (2)   2.75002 (3)  49139.00   111.196 (5)  0.85   -1.0
   1126-6942   11:26:21.67 (2)   -69:42:15.3 (2)   0.5794164380 (2)     3.302 (4)    49524.42    55.3 (4)    0.69
   1130-6807   11:30:31.913 (3)  -68:07:28.52 (2)  0.2563527993088 (8)  0.45968 (2)  50145.24   148.734 (4)  1.59 <-1.2
   1137-6700   11:37:32.09 (1)   -67:00:33.01 (8)  0.55621605570 (2)    0.0717 (4)   49139.00   228.041 (9)  1.62 <-1.5
   1141-3107   11:41:25.63 (1)   -31:07:52.6 (2)   0.538431789013 (4)   1.9602 (2)   49765.90    30.77 (3)   1.70   -1.2
   1141-3322   11:41:42.759 (2)  -33:22:37.40 (3)  0.1457337404132 (4)  0.23165 (2)  49625.30    46.449 (4)  0.30 < - 2.2
   1143-5158   11:43:15.065 (5)  -51:58:39.89 (5)  0.675646047064 (8)   0.6953 (2)   48917.00   159.03 (2)   0.62 <-2.0
   1156-5909   11:56:22 (25)     -59:09 (3)        1.037931 (3)                      49000.00   219.2 (1)
   1159-7910   11:59:35 (50)     -79:10 (4)        0.5250742392 (3)                  49000.00    59 (3)
   1210-5559   12:10:05.96 (3)   -55:59:03.6 (4)   0.27976733087 (5)    0.7252 (9)   49020.00   174.3 (4)    0.33   -1.9
   1225-5556   12:25:43.827 (4)  -55:56:43.14 (4)  0.339484289394 (5)   0.68780 (5)  48660.00   125.835 (7)  1.74   -1.7
   1253-5820   12:53:28.342 (2)  -58:20:40.89 (2)  0.2554963274098 (7)  2.09963 (2)  49020.00   100.584 (4)  0.49   -1.4
   1320-3512   13:20:12.68 (4)   -35:12:26.0 (8)   0.45848840672 (7)    0.0019 (9)   48734.00    16.4 (1)
   1332-3032   13:32:52.49 (2)   -30:32:18.9 (3)   0.65043444070 (2)    0.558 (1)    49592.10    14.72 (3)   2.17
   1334-5839   13:34:30.1091 (9) -58:39:16.545 (8) 0.1077182159234 (2)  0.021596 (4) 48959.00   119.2978 (9)   0.26   -2.0
   1335-3642   13:35:36 (20)     -36:42 (3)        0.399192 (3)                      49000.00    41 (1)
   1350-5115   13:50:16.118 (6)  -51:15:24.77 (4)  0.29569917630 (3)    0.7526 (6)   49485.39    90.388 (8)  0.20
   1356-5521   13:56:50.558 (5)  -55:21:12.96 (5)  0.507379566696 (6)   0.72350 (10) 49016.00   174.172 (6)  1.15 <-2.1
   1358-2533   13:58:42 (20)     -25:33 (4)        0.912971 (1)                      48742.00    31.3 (3)
   1403-7646   14:03:04.1 (2)    -76:46:57.5 (6)   0.6530989060 (4)     0.602 (8)    49526.44   100.6 (1)    2.19
   1418-3921   14:18:50.283 (5)  -39:21:18.5 (1)   1.09680600340 (2)    0.8892 (3)   49014.00    60.490 (10) 1.24 <-2.0
   1542-5034   15:42:45.47 (1)   -50:34:014 (2)    0.5992450364 (1)     3.968 (3)    48958.00    95 (3)      0.96    0.4
   1549-4848   15:49:21.154 (4)  -48:48:37.44 (8)  0.288346763122 (2)  14.10892 (3)  48736.00    55.983 (8)  2.17   -1.2
   1557-4258   15:57:00.2580 (9) -42:58:12.66 (2)  0.329186857758 (2)   0.33012 (2)  48017.00   144.497 (2)  0.30   -2.1
   1603-2531   16:03:04.883 (2)  -25:31:48.4 (1)   0.2830701962441 (2)  1.59630 (2)  49408.20    53.758 (1)  0.17
   1603-5657   16:03:31.46 (2)   -56:57:44.19 (8)  0.49607711306 (9)    2.795 (3)    49524.43   264.07 (2)   0.37
   1604-7203   16:04:29.177 (5)  -72:03:30.46 (4)  0.341402932218 (4)   0.0840 (2)   49529.39    54.370 (5)  0.49
   1614-3937   16:14:31.227 (7)  -39:37:28.8 (2)   0.407292274238 (6)   0.15851 (10) 49016.00   152.44 (2)   3.35   -1.8
   1622-4332   16:22:45.468 (8)  -43:32:28.2 (3)   0.91693752262 (2)    1.5649 (4)   49100.00   230.68 (2)    2.10   -1.3
   1625-4048   16:25:10.33 (2)   -40:48:21.5 (7)   2.3552781933 (2)     0.443 (3)    49012.00   145 (6)      2.84 <-1.2
   1648-3256   16:48:06.070 (4)  -32:56:40.8 (2)   0.719454779443 (2)   3.53059 (10) 49411.80 128.278 (6)  0.52  -1.7
   1650-1654   16:50:27.20 (1)   -16:54:41.5 (9)   1.74955133091 (2)    3.2012 (6)   49361.40    43.15 (2)   1.75   -1.6
   1654-2713   16:54:23.56 (3)   -27:13:06.00 (3)  0.79182241484 (8)    0.168 (2)    49139.00   92.45 (5)   0.84
   1700-3312   17:00:53.027 (9)  -33:12:45.1 (6)   1.35830642761 (1)    4.7072 (5)   49423.70   166.79 (2)  1.82   -1.5
   1703-4851   17:03:54.40 (1)   -48:51:55.8 (2)   1.39640107763 (5)    5.0804 (6)   48736.00   150.29 (3)   0.85   -1.0
   1705-3423   17:05:42.369 (4)  -34:23:44.5 (2)   0.2554260190055 (6)  1.07629 (4)  49499.90   146.437 (9) 0.81   -1.6
   1708-3426   17:08:57.75 (1)   -34:26:47.5 (8)   0.692112695576 (8)   4.2021 (4)   49338.80   190.52 (3)   2.84   -1.4
   1732-1930   17:32:19.987 (9)  -19:30:17 (2)     0.48376997266 (5)    0.178 (2)    49575.33   73.04 (4)   0.48
   1744-2335   17:44:48.47 (5)   -23:35:55 (26)    1.68350668862 (2)    0.8327 (9)   49390.50   96.66 (2)   0.79 <-1.7
   1750-3503   17:50:44.501 (6)  -35:03:08.9 (5)   0.68401360292 (3)    0.0381 (4)   48735.00   189.35 (2)  4.50   -1.4
   1759-2922   17:59:48.243 (3)  -29:22:07.1 (4)   0.574399728488 (1)   4.62900 (7)  49507.40   79.399 (9)  0.29 <-2.4
   1808-0813   18:08:09.429 (3)  -08:13:01.5 (2)   0.876044127349 (3)   1.2395 (2)   49375.20   151.275 (8) 0.81 <-2.0
   1809-3547   18:09:26.98 (4)   -35:47:18 (2)     0.8603878390 (7)     0.120 (10)   49388.90   193.84 (7)   1.16
   1817-3837   18:17:00.270 (4)  -38:37:59.7 (2)   0.19224339146 (1)    0.2901 (3)   49526.46   102.847 (6) 0.26
   1822-4209   18:22:11.356 (3)  -42:09:10.98 (7)  0.456511944952 (4)   0.45864 (6)  49015.00   72.514 (5)  0.61   -2.1
   1823-0154   18:23:52.145 (3)  -01:54:04.6 (2)   0.759777320261 (3)   1.1305 (2)   49375.40   135.933 (8) 0.59   -2.0
   1835-1106   18:35:18.287 (2)  -11:06:15.1 (2)   0.1659069781495 (2) 20.610607 (8) 49445.70 132.679 (3) 23.18   0.0
   1837-0045   18:37:32.21 (4)   -00:45:11 (1)     0.61703649435 (4)    1.687 (8)    49636.50   86.9 (1)     2.49   -0.8
   1848-1414   18:48:39.160 (4)  -14:14:19.0 (3)   0.297769545567 (1)    0.01396 (5) 49428.50   134.350 (10)   0.84 <-2.0
   1852-2610   18:52:59.478 (3)  -26:10:12.9 (3)   0.3363371205266 (4)   0.08784 (3) 49403.80   56.796 (5)  0.18 <-2.4
   1901-0906   19:01:53.017 (3)  -09:06:10.7 (2)   0.890963792376 (6)    0.8193 (3)  49618.60   72.670 (10) 0.32 <-1.7
   1904+0004   19:04:12.75 (2)   -00:04:05.0 (6)   0.139524614107 (4)    0.1180 (4)  49446.10  233.69 (4)   0.58 <-2.0
   1904-1224   19:04:33.289 (4)  -12:24:00.7 (3)   0.375404013204 (4)    0.3708 (2)  49540.30   118.20 (2)  0.45
   1932-3655   19:32:06.150 (8)  -36:55:02.1 (4)   0.5714203197 (1)      0.284 (3)   49542.52   59.880 (10) 0.67
   1940-2403   19:40:30 (20)     -24:03 (3)        0.927638 (1)                      49000.00   63.3 (1)
   1947-4215   19:47:06 (25)     -42:15 (3)        1.798069 (1)                      49000.00   35 (1)
   2005-0020   20:05:43.73 (6)   -00:20:20 (2)     1.139829126 (1)      12.82 (2)    49586.30   35.9 (2)    1.90
   2038-3816   20:38:54.19 (3)   -38:16:12 (1)     1.5772861550 (3)      4.134 (4)   49486.61   33.96 (6)
   2108-3429   21:08:30.49 (2)   -34:29:37.9 (4)   1.4231018383 (2)      3.503 (3)   49314.17   30.220 (10) 0.63
   2144-3933   21:44:12.10 (1)   -39:33:55.2 (3)   2.8366091640 (3)      0.160 (5)   49016.00    3.350 (10) 1.83
   2248-0101   22:48:26.889 (8)  -01:01:47.6 (3)   0.477233033691 (2)    0.65962 (10)  49367.30 29.061 (10) 0.48 <-2.0
   2346-0609   23:46:50.44 (1)   -06:09:58.9 (4)   1.181463212376 (9)    1.3622 (4)  49572.30   22.500 (8)  0.65
