# psr_name pos_epoch eph ra dec pmra pmdec plx ra_err dec_err pmra_err pmdec_err plx_err
# None MJD None deg deg mas/yr mas/yr mas mas mas mas/yr mas/yr mas
J0023+0923    56200.0000  DE436       5.8203295679       9.3899635944     -12.441      -6.127       0.387       0.35503438       0.81700806      0.503637      0.980968      0.333827
J0030+0451    55000.0000  DE436       7.6142849154       4.8610297472      -6.388       0.908       2.945       0.44217725       1.02242546      0.140353      0.326567      0.092208
J0034-0534    55000.0000  DE436       8.5909759821      -5.5768672889       7.865      -9.220       0.000       1.18437957       2.75592122      0.252237      0.606170      0.000000
J0218+4232    55000.0000  DE436      34.5264887787      42.5381616972       5.310      -3.106       0.000       0.26454226       0.42735256      0.082937      0.142355      0.000000
J0340+4130    56279.0000  DE436      55.0970342454      41.5125805500       0.001      -4.381       0.419       0.12849858       0.29526423      0.355677      0.800934      0.377666
J0437-4715    55000.0000  DE436      69.3163022208     -47.2525579444     121.443     -71.474       6.418       0.00503983       0.00530447      0.001435      0.001560      0.067263
J0610-2100    55000.0000  DE436      92.5566478462     -21.0077587083       9.040      16.737       0.000       0.23081130       0.29927454      0.080873      0.110050      0.000000
J0613-0200    55000.0000  DE436      93.4332320750      -2.0131181861       1.828     -10.345       0.899       0.01433766       0.03459075      0.004832      0.011538      0.044874
J0621+1002    55000.0000  DE436      95.3421432412      10.0440928778       3.228      -0.589       0.000       0.34913728       1.52803013      0.123698      0.528006      0.000000
J0645+5158    56143.0000  DE436     101.4961746192      51.9708113028       1.637      -7.202       0.388       0.03568105       0.07523319      0.076163      0.141512      0.082303
J0711-6830    55000.0000  DE436     107.9757720317     -68.5131652722     -15.572      14.213       0.000       0.06828208       0.06597632      0.022955      0.019557      0.000000
J0751+1807    55000.0000  DE436     117.7881472825      18.1273574361      -2.725     -13.365       0.798       0.21394565       1.12061112      0.062210      0.320297      0.205314
J0900-3144    55000.0000  DE436     135.1831379633     -31.7419152972      -0.995       2.009       0.657       0.09801534       0.12322004      0.047363      0.062938      0.577256
J0931-1902    56469.0000  DE436     142.8296556804     -19.0486173389       0.000       0.000      -1.984       2.40019355       1.85973710      0.000000      0.000000      3.010542
J1012+5307    55000.0000  DE436     153.1393230429      53.1173056083       2.614     -25.486       0.933       0.04953387       0.06394984      0.010224      0.013773      0.192303
J1024-0719    55000.0000  DE436     156.1611475046      -7.3220649306     -35.267     -48.225       0.822       0.04801056       0.09847672      0.017593      0.036161      0.102243
J1045-4509    55000.0000  DE436     161.4591092133     -45.1650319750      -6.083       5.154       0.000       0.20673117       0.22405545      0.061795      0.058082      0.000000
J1455-3330    55000.0000  DE436     223.9498744471     -33.5128834417       7.909      -1.897       0.865       0.10902179       0.24344831      0.041180      0.092152      0.216160
J1600-3053    55000.0000  DE436     240.2162639804     -30.8970486472      -0.971      -7.038       0.503       0.03410181       0.12640846      0.012241      0.045376      0.061484
J1603-7202    55000.0000  DE436     240.8986531658     -72.0424277639      -2.469      -7.364       0.000       0.14471068       0.16523081      0.027904      0.039075      0.000000
J1614-2230    55655.0000  DE436     243.6521129954     -22.5086752028       3.634     -33.396       1.455       0.30508016       1.66064305      0.196278      1.065033      0.093592
J1640+2224    55000.0000  DE436     250.0697702217      22.4024558722       2.083     -11.337       0.551       0.04726963       0.06622869      0.012893      0.019631      0.424179
J1643-1224    55000.0000  DE436     250.9090064283     -12.4162980889       6.034       4.081       0.911       0.14482525       0.66815366      0.030574      0.136254      0.256469
J1713+0747    55000.0000  DE436     258.4563883162       7.7937479333       4.924      -3.913       0.833       0.00526727       0.01048377      0.001247      0.002416      0.022248
J1721-2457    55000.0000  DE436     260.2729081263     -24.9517136611       1.928     -25.929       0.000       3.11201133      41.43503133      1.076148     14.385952      0.000000
J1730-2304    55000.0000  DE436     262.5902848337     -23.0753244750      20.229      -0.623       1.672       0.91780979      17.79261261      0.286144      5.508849      0.214061
J1732-5049    55000.0000  DE436     263.1990278362     -50.8167236639      -0.373      -9.854       0.000       0.16640220       0.35210393      0.077259      0.164712      0.000000
J1738+0333    55000.0000  DE436     264.7248599371       3.5530200833       7.124       5.026       0.000       0.13737619       0.35254252      0.044268      0.115963      0.000000
J1741+1351    55818.0000  DE436     265.3797724554      13.8622583500      -8.961      -7.573       0.516       0.03645961       0.06298395      0.029010      0.038790      0.199602
J1744-1134    55000.0000  DE436     266.1225314767     -11.5818595194      18.797      -9.409       2.444       0.01232519       0.06049970      0.003522      0.016945      0.046739
J1747-4036    56281.0000  DE436     266.9529860179     -40.6152167333      -0.167      -4.951       0.379       0.16705359       0.70181810      0.817539      1.348210      0.658548
J1751-2857    55000.0000  DE436     267.8862216812     -28.9629225278      -7.381      -4.007       0.000       0.23188954       2.67856897      0.113278      1.159108      0.000000
J1801-1417    55000.0000  DE436     270.4628056062     -14.2929240389     -10.874      -3.126       0.000       0.26155101       1.84665471      0.116819      0.867624      0.000000
J1802-2124    55000.0000  DE436     270.5222301779     -21.4010149361      -1.114      -4.430       1.198       0.29073901       8.49693647      0.114901      3.533431      0.656320
J1804-2717    55000.0000  DE436     271.0880546358     -27.2920375583       2.576     -18.251       0.000       0.25396187       4.02951524      0.157025      2.197481      0.000000
J1824-2452A   55000.0000  DE436     276.1333662429     -24.8696799444      -0.201      -5.735       0.000       0.38518727       7.77530140      0.182854      3.658120      0.000000
J1832-0836    56475.0000  DE436     278.1149734071      -8.6152781528       0.000       0.000       1.403       2.81802841      39.46958454      0.000000      0.000000      4.951713
J1843-1113    55000.0000  DE436     280.9219247221     -11.2252968833      -1.909      -3.223       0.616       0.15820738       0.65087948      0.059993      0.247630      0.383765
J1853+1303    55000.0000  DE436     283.4888283087      13.0622413944      -1.629      -2.964       0.150       0.06235955       0.09220121      0.023724      0.037778      0.251960
J1857+0943    55000.0000  DE436     284.4016275908       9.7214464222      -2.652      -5.423       0.883       0.03887488       0.07203321      0.003558      0.006414      0.139554
J1903+0327    55712.0000  DE436     285.7741369967       3.4553318472      -2.839      -6.638       0.307       0.35393101       1.13160678      0.297452      0.810896      0.660871
J1909-3744    55000.0000  DE436     287.4476399321     -37.7373654806      -9.513     -35.777       0.882       0.00435002       0.01603708      0.001607      0.005777      0.013675
J1910+1256    55000.0000  DE436     287.5404227867      12.9404129806       0.214      -7.043       0.150       0.09088553       0.14686408      0.029501      0.050782      0.278501
J1911+1347    55000.0000  DE436     287.9800195833      13.7928844222      -2.897      -3.756       0.000       0.07384505       0.14409748      0.031323      0.052911      0.000000
J1911-1114    55000.0000  DE436     287.9553431242     -11.2395782667     -13.681      -9.340       0.000       0.41066718       2.16800034      0.165857      0.905241      0.000000
J1918-0642    55000.0000  DE436     289.7001380658      -6.7096915278      -7.149      -5.937       0.753       0.04124369       0.13626584      0.015742      0.051795      0.105005
J1923+2515    56100.0000  DE436     290.8437223367      25.2612823611      -6.694     -14.745      -0.295       0.10696096       0.16306738      0.098885      0.188129      0.625156
J1939+2134    55000.0000  DE436     294.9106718700      21.5830904194       0.074      -0.410       0.192       0.02418134       0.03402971      0.001868      0.002607      0.049759
J1944+0907    55000.0000  DE436     296.0388618725       9.1230858667      14.136     -22.639       0.080       0.29035935       0.55710291      0.084475      0.167800      0.340860
J1949+3106    56367.0000  DE436     297.3734885917      31.1010559833      -4.953      -5.059      -0.669       2.54216809       2.24132838      5.472766      7.043725      3.179299
J1955+2908    55000.0000  DE436     298.8661490629      29.1454053639      -1.029      -4.171      -1.178       0.17596624       0.24031268      0.055342      0.078402      1.098837
J2010-1323    55000.0000  DE436     302.6913360450     -13.3989073306       2.557      -5.862       0.161       0.14829902       0.61558418      0.056236      0.237561      0.136243
J2017+0603    56200.0000  DE436     304.3446043796       6.0515468944       2.391      -0.523       0.486       0.17047207       0.33454019      0.381461      0.578306      0.226015
J2019+2425    55000.0000  DE436     304.8830868742      24.4208369611      -8.769     -19.883       0.000       1.01476059       1.75167594      0.499308      0.665301      0.000000
J2033+1734    55000.0000  DE436     308.3646424637      17.5829235278      -5.901      -8.986       0.000       0.88720500       1.69763326      0.427347      0.795755      0.000000
J2043+1711    56175.0000  DE436     310.8370090292      17.1913679000      -5.762     -10.849       0.892       0.02699609       0.04927650      0.059751      0.100219      0.116680
J2124-3358    55000.0000  DE436     321.1826992962     -33.9791441611     -14.093     -50.228       2.613       0.13090191       0.27375544      0.033588      0.070702      0.287581
J2129-5721    55000.0000  DE436     322.3448688962     -57.3539514361       9.253      -9.609       0.000       0.06855658       0.08854411      0.022800      0.027617      0.000000
J2145-0750    55000.0000  DE436     326.4602525237      -7.8384688000      -9.583      -8.872       1.535       0.09782672       0.27072793      0.025382      0.069265      0.095284
J2214+3000    56222.0000  DE436     333.6618791617      30.0106104222      20.686      -1.576       1.121       0.06995559       0.06320923      0.145773      0.200890      0.234249
J2229+2643    55000.0000  DE436     337.4620226783      26.7326891500      -1.719      -5.866       0.000       0.24272459       0.33106355      0.119762      0.147673      0.000000
J2302+4442    56279.0000  DE436     345.6957441392      44.7061381778      -5.403      -7.329       0.956       2.72224871       2.62182232      4.012917      4.540772      1.250310
J2317+1439    55000.0000  DE436     349.2884860412      14.6586821778      -1.334       3.507       0.083       0.09056583       0.17883921      0.025798      0.050316      0.102997
J2322+2057    55000.0000  DE436     350.5930632933      20.9507436250     -18.549     -15.306       0.000       0.91150297       1.28667820      0.324978      0.461540      0.000000
