#Table: J/MNRAS/353/1311/table6.dat (cdsarc.u-strasbg.fr)
--------------------------------------------------------------------------------------------------------------------------------------------------
           |f|         |           |        |           |         |      |     |       |      |      |     |       |      |    |       |    |
           |_|         |           |        |           |         |      |     |       |      |      |     |       |      |    |       |    |
           |P|         |           |        |           |         |      |     |       |      |      |     |       |      |    |       |    |
           |S|         |           |        |           |         |      |     |       |      |      |     |       |      |    |       |    |
           |R|         |           |        |           |         |      |  e_p|       |    e_|      |    e|       |      |    |       |    |
PSRJ       |J|PSRB     |       ELON|  e_ELON|       ELAT|   e_ELAT|pmELON|mELON| pmELAT|pmELAT|  pmRA|_pmRA|   pmDE|e_pmDE|NTOA|  Epoch|Span| tRMS
-----------|-|---------|-----------|--------|-----------|---------|------|-----|-------|------|------|-----|-------|------|----|-------|----|-----
J0014+4746 | |B0011+47 | 26.40326  |.0001200|+41.51013  |0.0001100|-136. | 90. |    7. |  98. |-119. |103. |  -66. |  84. | 221|49664.0|16.1| 2831
J0034-0534 | |         |  5.672420 |.0000030| -8.528411 |0.0000120|   4. |  3. |  -23. |  12. |  13. |  6. |  -19. |  11. | 413|50690.0|10.5|   60
J0034-0721 | |B0031-07 |  4.90017  |.0000400|-10.14680  |0.0001900|  -8. | 12. |   22. |  58. | -16. | 26. |   17. |  53. | 673|46635.0|32.8| 2211
J0040+5716 | |B0037+56 | 38.406995 |.0000170|+47.222891 |0.0000160|  -3. | 12. |    3. |  16. |  -4. | 15. |    0. |  13. | 318|49667.0|16.2|  525
J0048+3412 | |B0045+33 | 25.35747  |.0000700|+26.52166  |0.0001100|  73. | 82. |  -44. | 139. |  85. |107. |   -7. | 121. | 108|49875.0|15.0| 1286
J0055+5117 | |B0052+51 | 36.46853  |.0000300|+40.99626  |0.0000300|   9. | 17. |  -39. |  25. |  28. | 21. |  -29. |  21. | 332|49664.0|16.1|  750
J0056+4756 | |B0053+47 | 34.41337  |.0000600|+38.03833  |0.0000700|-157. | 57. |   26. |  83. |-149. | 72. |  -54. |  71. | 157|49872.0|15.0| 1195
J0102+6537 | |B0059+65 | 49.43759  |.0000400|+52.31772  |0.0000300|  32. | 21. |   45. |  33. |  -3. | 28. |   55. |  26. | 287|49675.0|16.2|  940
J0108+6608 | |B0105+65 | 50.73247  |.0001100|+52.35381  |0.0000900|      |     |       |      |      |     |       |      | 332|50011.0|14.4| 4133
J0108+6905 | |B0105+68 | 53.92357  |.0000500|+54.61912  |0.0000300|  18. | 27. |   28. |  34. |  -5. | 32. |   33. |  30. | 190|49875.0|15.0| 1030
J0108-1431 | |         |  9.83071  |.0001200|-20.0590   |0.0003000|      |     |       |      |      |     |       |      | 190|50889.0| 9.6| 2884
J0117+5914 | |B0114+58 | 45.902915 |.0000070|+46.123604 |0.0000070|   7. |  5. |   17. |   6. |  -3. |  6. |   18. |   5. | 405|49751.0|15.8|  267
J0134-2937 | |         |  8.735130 |.0000060|-36.284478 |0.0000060|   7. |  7. |  -18. |   9. |  14. |  7. |  -13. |   9. | 216|50846.0| 9.9|   99
J0139+5814 | |B0136+57 | 48.558825 |.0000100|+43.803918 |0.0000110|      |     |       |      |      |     |       |      | 601|49289.0|18.3|  516
J0141+6009 | |B0138+59 | 50.280814 |.0000200|+45.306677 |0.0000200|   6. | 12. |   -9. |  17. |  10. | 14. |   -5. |  15. | 427|49293.0|18.3|  882
J0147+5922 | |B0144+59 | 50.651904 |.0000040|+44.237818 |0.0000050|  -4. |  3. |   14. |   4. | -10. |  3. |   10. |   4. | 390|49677.0|16.2|  127
J0151-0635 | |B0148-06 | 23.39919  |.0000400|-16.84395  |0.0001100|   3. | 30. |  -43. |  92. |  19. | 42. |  -39. |  87. | 310|49347.0|18.0| 1261
J0152-1637 | |B0149-16 | 19.500833 |.0000070|-26.218389 |0.0000130| -13. |  4. |  -29. |   8. |   0. |  4. |  -32. |   7. | 374|48227.0|24.1|  339
J0156+3949 | |B0153+39 | 41.7809   |.0006000|+26.0026   |0.0012000|      |     |       |      |      |     |       |      |  65|49701.0|16.0| 8802
J0157+6212 |g|B0154+61 | 54.16865  |.0000500|+46.08979  |0.0000500|  -3. | 29. |   96. |  40. | -51. | 36. |   81. |  33. | 399|49709.0|16.0| 1777
J0215+6218 | |         | 56.876553 |.0000190|+45.15967  |0.0000300|  11. | 25. |    6. |  37. |   7. | 29. |   10. |  34. | 308|51341.0| 7.0|  433
J0218+4232 | |         | 47.048915 |.0000040|+27.011630 |0.0000080|   3. |  4. |   -2. |  10. |   3. |  6. |   -1. |   9. | 489|50864.0| 9.7|  157
J0231+7026 | |B0226+70 | 64.84189  |.0000500|+51.52900  |0.0000500|  26. | 32. |   21. |  44. |  12. | 39. |   31. |  38. | 223|49692.0|15.9| 1384
J0304+1932 | |B0301+19 | 49.199521 |.0000080| +2.1038   |0.0003000|  -4. |  7. | -133. | 189. |  33. | 54. | -129. | 181. | 432|49289.0|18.3|  520
J0323+3944 | |B0320+39 | 58.80426  |.0000300|+20.45296  |0.0000900|  16. | 24. | -107. |  77. |  44. | 33. |  -99. |  73. | 421|49290.0|18.2| 1527
J0332+5434 | |B0329+54 | 65.190321 |.0000130|+34.26003  |0.0000300|   8. |  4. |  -17. |   7. |  12. |  4. |  -14. |   7. | 666|46473.0|18.9|  368
J0335+4555 | |B0331+45 | 62.857020 |.0000040|+25.843189 |0.0000070|  -4. |  3. |    5. |   8. |  -5. |  4. |    4. |   7. | 380|49912.0|14.8|  182
J0343+5312 | |B0339+53 | 66.47233  |.0001100|+32.53288  |0.0001800|  -5. | 86. |  -51. | 172. |   9. |104. |  -51. | 162. | 272|49309.0|18.1| 3048
J0357+5236 | |B0353+52 | 68.794442 |.0000040|+31.403315 |0.0000070|   6. |  3. |  -12. |   7. |   9. |  4. |  -10. |   7. | 342|49912.0|14.8|  143
J0358+5413 |g|B0355+54 | 69.441693 |.0000040|+32.920973 |0.0000070|  12. |  3. |   17. |   6. |   8. |  3. |   19. |   6. | 720|49616.0|16.4|  220
J0406+6138 | |B0402+61 | 72.894969 |.0000100|+39.879861 |0.0000130|  17. |  8. |   68. |  14. |   0. |  9. |   70. |  13. | 380|49876.0|15.0|  453
J0415+6954 | |B0410+69 | 77.076321 |.0000070|+47.628213 |0.0000070|   1. |  5. |   -9. |   8. |   3. |  6. |   -8. |   7. | 277|49874.0|15.0|  259
J0421-0345 | |         | 62.73507  |.0000600|-24.89169  |0.0001700|  -3. | 71. | -100. | 300. |  19. | 68. | -100. | 300. | 140|50847.0| 9.7|  977
J0448-2749 | |         | 65.22941  |.0000300|-49.74725  |0.0000300|  23. | 32. |   35. |  61. |  16. | 30. |   39. |  62. | 237|51009.0| 8.9|  529
J0450-1248 | |B0447-12 | 69.074009 |.0000150|-34.98124  |0.0000300|  10. | 11. |  -23. |  22. |  13. | 11. |  -21. |  22. | 388|49338.0|18.0|  808
J0452-1759 | |B0450-18 | 68.831580 |.0000050|-40.198302 |0.0000070|  10. |  4. |    1. |   5. |  10. |  4. |    3. |   6. | 475|49289.0|18.3|  214
J0454+5543 | |B0450+55 | 79.038247 |.0000080|+32.913851 |0.0000120|  46. |  6. |  -19. |  12. |  48. |  6. |  -13. |  12. | 280|49910.0|14.8|  236
J0459-0210 | |         | 73.41672  |.0000300|-24.74647  |0.0000600|  -8. | 25. |   90. |  83. | -18. | 24. |   89. |  83. | 168|50845.0| 9.7|  596
J0502+4654 | |B0458+46 | 79.220707 |.0000110|+24.00282  |0.0000300|   6. |  8. |   41. |  19. |   1. |  8. |   42. |  19. | 426|48717.0|21.4|  418
J0520-2553 | |         | 76.471159 |.0000190|-48.86451  |0.0000300|   0. | 20. |    7. |  40. |  -1. | 19. |    7. |  41. |  99|51216.0| 7.8|  333
J0525+1115 | |B0523+11 | 81.464389 |.0000050|-11.93204  |0.0000300|  27. |  3. |  -30. |  13. |  28. |  3. |  -28. |  13. | 569|48262.0|24.1|  228
J0528+2200 |g|B0525+21 | 82.786050 |.0000160| -1.2443   |0.0008000| -25. |  6. |  200. | 300. | -38. | 15. |  200. | 300. | 847|46517.0|33.6|  907
J0538+2817 | |         | 85.232542 |.0000050| +4.93582  |0.0000800| -16. | 11. |   54. | 163. | -18. | 12. |   54. | 163. | 198|51434.0| 6.6|  127
J0543+2329 | |B0540+23 | 86.139502 |.0000030| +0.1018   |0.0015000|  11.8|  1.7| -400. |1100. |  22. | 32. | -400. |1100. | 577|48892.0|20.7|  131
J0601-0527 |g|B0559-05 | 90.563722 |.0000060|-28.902354 |0.0000120|  -7. |  5. |  -17. |  11. |  -7. |  5. |  -17. |  11. | 482|49379.0|16.2|  240
J0612+3721 | |B0609+37 | 92.622662 |.0000050|+13.95025  |0.0000300|   5. |  5. |    6. |  22. |   5. |  5. |    6. |  22. | 322|49679.0|16.0|  166
J0613-0200 | |         | 93.7989961|.0000006|-25.4071048|0.0000018|   2.1|   .8|  -10. |   3. |   1.8|  0.8|  -11. |   3. | 562|50823.0| 9.8|   36
J0614+2229 |g|B0611+22 | 93.29942  |.0000800| -0.893    |0.0060000|      |     |       |      |      |     |       |      | 877|49674.0|16.3| 6340
J0621+1002 | |         | 95.4053059|.0000005|-13.295008 |0.0000040|   3.3|   .7|    3. |   5. |   3.4|  0.8|    3. |   5. | 543|51312.0| 7.4|   14
J0624-0424 | |B0621-04 | 96.854538 |.0000120|-27.70866  |0.0000300|  14. | 11. |   -4. |  30. |  14. | 11. |   -4. |  30. | 344|49876.0|15.0|  524
J0629+2415 | |B0626+24 | 96.629379 |.0000050| +0.9900   |0.0004000|   9. |  5. |  400. | 300. |  32. | 15. |  400. | 300. | 428|49438.0|17.5|  279
J0630-2834 | |B0628-28 |100.95868  |.0000300|-51.72518  |0.0000300| -52. |  7. |   12. |   8. | -51. |  7. |   17. |   8. | 765|46603.0|33.0| 1194
J0631+1036 |g|         | 97.92141  |.0000600|-12.6060   |0.0003000|      |     |       |      |      |     |       |      | 308|51711.0| 5.4| 2567
J0653+8051 | |B0643+80 | 93.91232  |.0000400|+57.60847  |0.0000300|  35. | 16. |  -19. |  24. |  31. | 16. |  -25. |  23. | 273|48712.0|21.3|  664
J0659+1414 | |B0656+14 |104.643215 |.0000130| -8.44321  |0.0000900|  52. | 11. |    0. |  70. |  51. | 13. |   -5. |  69. | 767|49721.0|16.1| 1170
J0700+6418 | |B0655+64 | 98.682679 |.0000090|+41.320008 |0.0000100|  -6. |  5. |   -8. |   8. |  -7. |  5. |   -7. |   7. | 338|48806.0|20.9|  348
J0725-1635 | |         |116.20274  |.0000300|-38.12192  |0.0000400|   3. | 21. |  -11. |  58. |   0. | 18. |  -11. |  59. | 177|50884.0| 9.9|  530
J0729-1836 |g|B0727-18 |118.061107 |.0000140|-39.895379 |0.0000190|      |     |       |      |      |     |       |      | 528|49720.0|16.1|  752
J0742-2822 | |B0740-28 |125.334109 |.0000130|-48.713545 |0.0000120|      |     |       |      |      |     |       |      | 809|49326.0|18.6|  704
J0751+1807 | |         |116.3336177|.0000007| -2.807547 |0.0000170|  -0.4|  1.1|    4. |  23. |   1. |  4. |    4. |  22. | 438|50982.0| 9.1|   40
J0754+3231 | |B0751+32 |114.377422 |.0000140|+11.48739  |0.0000700| -22. | 10. |    6. |  53. | -21. | 15. |   10. |  52. | 413|48725.0|21.4|  777
J0758-1528 |g|B0756-15 |125.713521 |.0000040|-35.308281 |0.0000060| -15. |  3. |    4. |   6. | -13. |  3. |    8. |   6. | 408|49896.0|15.1|  190
J0814+7429 | |B0809+74 |104.19829  |.0000400|+52.70977  |0.0000400|  35. | 19. |  -39. |  22. |  18. | 20. |  -49. |  21. | 375|49162.0|19.2|  671
J0820-1350 | |B0818-13 |131.395233 |.0000040|-32.381275 |0.0000070|  31. |  3. |  -34. |   5. |  21. |  3. |  -41. |   5. | 579|48904.0|20.6|  236
J0823+0159 | |B0820+02 |127.650739 |.0000090|-16.89737  |0.0000300|  -6. |  7. |   17. |  24. |  -2. |  8. |   18. |  24. | 485|49281.0|18.3|  446
J0826+2637 |g|B0823+26 |122.597633 |.0000030| +7.24335  |0.0000300|  87.6|  1.0|  -85. |   8. |  65. |  3. | -103. |   8. | 907|46450.0|33.8|  237
J0828-3417 | |B0826-34 |142.5994   |.0010000|-51.1756   |0.0008000|      |     |       |      |      |     |       |      |  99|48132.0|22.9|12877
J0837+0610 | |B0834+06 |130.042956 |.0000090|-11.97746  |0.0000400|  -9. |  7. |   22. |  28. |  -3. |  9. |   24. |  27. | 534|48721.0|21.4|  313
J0846-3533 | |B0844-35 |148.73589  |.0001500|-50.88150  |0.0001400|  52. | 68. |   16. |  86. |  54. | 70. |   -8. |  85. |  99|48719.0|21.4| 1356
J0849+8028 | |B0841+80 |102.4263   |.0003000|+58.8900   |0.0003000|      |     |       |      |      |     |       |      |  57|49993.0|14.3| 2421
J0855-3331 | |B0853-33 |150.18536  |.0000300|-48.21507  |0.0000300|  10. | 21. |  -13. |  27. |   4. | 21. |  -16. |  27. | 355|49886.0|15.0| 1030
J0908-1739 | |B0906-17 |145.858905 |.0000060|-32.416435 |0.0000080|  55. |  4. |  -87. |   6. |  21. |  4. | -101. |   6. | 533|48737.0|21.5|  179
J0921+6254 | |B0917+63 |119.44021  |.0000400|+44.51302  |0.0000400|   7. | 24. |   -9. |  39. |   3. | 30. |  -11. |  34. | 156|49687.0|16.3|  594
J0922+0638 | |B0919+06 |140.830209 |.0000090| -8.33290  |0.0000600|      |     |       |      |      |     |       |      | 637|48227.0|24.0|  539
J0943+1631 | |B0940+16 |142.60801  |.0000900| +2.6974   |0.0018000|  -5. | 62. |    0. |1400. |   0. |500. |    0. |1300. | 405|48865.0|20.6| 4277
J0944-1354 | |B0942-13 |153.555711 |.0000050|-25.837471 |0.0000090|   9. |  4. |  -14. |   8. |   3. |  5. |  -17. |   8. | 447|49337.0|18.0|  251
J0946+0951 | |B0943+10 |145.4153   |.0007000| -3.378    |0.0100000|      |     |       |      |      |     |       |      | 105|48483.0|17.6|11175
J0953+0755 | |B0950+08 |147.7071005|.0000018| -4.62100  |0.0000300| -12.1|   .6|   24. |   8. |  -3. |  3. |   26. |   7. |4850|46375.0|34.3|  168
J1012+5307 | |         |133.3610377|.0000005|+38.7553818|0.0000007|  13.8|   .6|  -21.9|   0.9|   2.3|  0.7|  -25.8|   0.8| 491|50914.0| 9.3|   18
J1012-2337 | |B1010-23 |164.91805  |.0001300|-32.17655  |0.0001700|      |     |       |      |      |     |       |      | 110|49874.0|15.0| 2750
J1018-1642 | |B1016-16 |163.18219  |.0000800|-25.25853  |0.0001400|-134. | 95. |   52. | 150. |-102. |100. |  101. | 146. | 152|49688.0|16.3| 1443
J1022+1001 | |         |153.8659109|.0000004| -0.0638   |0.0003000| -16.3|   .6| -900. | 500. |-361. |167. | -900. | 500. | 531|51246.0| 7.7|   16
J1024-0719 | |         |160.7344081|.0000016|-16.044501 |0.0000050| -14. |  3. |  -57. |   9. | -35. |  4. |  -48. |   8. | 298|51018.0| 8.8|   52
J1034-3224 | |         |174.93324  |.0001000|-37.90447  |0.0000900|      |     |       |      |      |     |       |      | 156|50705.0|10.6| 1237
J1041-1942 | |B1039-19 |170.047603 |.0000180|-25.78230  |0.0000400|   3. | 12. |   31. |  24. |  16. | 15. |   27. |  23. | 376|48738.0|21.5|  717
J1047-3032 | |         |176.82971  |.0000500|-34.99166  |0.0000700|  63. | 62. |  -16. |  79. |  48. | 66. |  -44. |  75. | 161|51019.0| 8.8|  966
J1115+5030 | |B1112+50 |146.113875 |.0000160|+41.248185 |0.0000170|  36. | 11. |  -30. |  15. |  15. | 13. |  -45. |  13. | 426|49334.0|17.9|  832
J1136+1551 | |B1133+16 |168.152548 |.0000040|+12.163007 |0.0000160|-213.5|  1.1|  312. |   6. | -69. |  3. |  372. |   5. |4963|46407.0|34.2|  465
J1141-3107 | |         |189.4545   |.0003000|-30.1258   |0.0004000|      |     |       |      |      |     |       |      | 116|50845.0| 9.7| 1452
J1141-3322 |g|         |190.731908 |.0000150|-32.088359 |0.0000190| -29. | 22. |   21. |  35. | -15. | 25. |   32. |  32. | 259|51019.0| 8.8|  429
J1238+21   | |         |179.6102   |.0003000|+23.7847   |0.0004000|      |     |       |      |      |     |       |      |  51|51438.0| 6.9| 1626
J1239+2453 | |B1237+25 |178.454245 |.0000040|+26.640991 |0.0000080|-116.9|  1.1|   -1.5|   2.3|-105.8|  1.4|   50. |   3. | 920|46531.0|33.3|  375
J1257-1027 | |B1254-10 |197.174378 |.0000130| -4.01483  |0.0001600|  -3. | 14. |   43. | 183. |  14. | 75. |   41. | 168. | 346|49667.0|16.2|  431
J1300+1240 | |B1257+12 |188.719996 |.0000040|+17.574990 |0.0000080|  76. |  3. |  -53. |   6. |  48. |  4. |  -79. |   5. | 310|48700.0|11.3|   53
J1311-1228 | |B1309-12 |201.306844 |.0000110| -4.48749  |0.0001200|  -2. | 12. |   17. | 127. |   5. | 51. |   17. | 117. | 330|49667.0|16.2|  352
J1321+8323 | |B1322+83 |106.74504  |.0000800|+68.02899  |0.0000400| -11. | 22. |  -38. |  29. | -37. | 29. |   14. |  22. | 245|48889.0|20.6| 1368
J1332-3032 | |         |212.98092  |.0001600|-19.3365   |0.0005000|      |     |       |      |      |     |       |      |  99|50625.8| 8.7| 3140
J1455-3330 | |         |231.347506 |.0000030|-16.044799 |0.0000080|   7. |  4. |    7. |  10. |   9. |  5. |    5. |   9. | 269|50597.9| 9.2|   67
J1509+5531 |g|B1508+55 |188.02957  |.0000300|+67.216840 |0.0000130| -16. | 11. | -106. |  12. | -86. | 12. |  -65. |  11. |3518|49904.0|15.0| 1658
J1518+4904 | |         |200.2744334|.0000019|+63.0717875|0.0000008|   3.4|  1.6|   -7.8|   1.3|  -1.6|  1.5|   -8.3|   1.5| 251|51203.0| 7.7|   17
J1532+2745 |g|B1530+27 |221.06080  |.0000400|+45.12546  |0.0000400|   8. | 23. |   -4. |  31. |   6. | 24. |   -7. |  30. | 339|49666.0|16.1| 1082
J1537+1155 | |B1534+12 |228.552775 |.0000030|+30.378249 |0.0000050|  12. |  4. |  -36. |   6. |   1.6|  3.4|  -37. |   6. | 373|50515.0|11.5|  115
J1543+0929 | |B1541+09 |231.04994  |.0000600|+28.43490  |0.0001100|  37. | 36. | -107. |  77. |   9. | 39. | -113. |  76. | 339|48716.0|21.4| 2098
J1543-0620 | |B1540-06 |235.086226 |.0000060|+13.05352  |0.0000300| -14. |  5. |  -18. |  19. | -18. |  6. |  -14. |  19. | 432|49423.0|17.4|  246
J1555-2341 | |B1552-23 |241.709398 |.0000160| -3.2506   |0.0003000|  -8. | 17. |  400. | 400. |  66. | 67. |  400. | 400. | 288|49899.0|15.1|  810
J1555-3134 | |B1552-31 |243.304242 |.0000080|-10.97681  |0.0000400|  -9. |  8. |   -2. |  41. | -10. | 12. |    0. |  40. | 235|49874.0|15.0|  386
J1603-2531 |g|         |243.760253 |.0000030| -4.71402  |0.0000500| -13. |  4. |  123. |  61. |  11. | 13. |  123. |  60. | 131|50719.0|10.6|   99
J1603-2712 | |B1600-27 |244.104110 |.0000140| -6.37366  |0.0001500| -18. | 14. |   93. | 160. |   0. | 40. |   94. | 157. | 154|49911.0|15.1|  448
J1607-0032 | |B1604-00 |239.813887 |.0000040|+19.988163 |0.0000090| -20.1|  1.0|  -35. |   3. | -26.6|  1.1|  -30. |   3. | 622|46973.0|30.9|  257
J1610-1322 | |B1607-13 |243.22675  |.0000800| +7.5631   |0.0007000|  60. | 76. | -600. | 800. | -44. |150. | -600. | 800. | 152|49691.0|16.3| 3003
J1614+0737 | |B1612+07 |240.02660  |.0000400|+28.36601  |0.0000700| -19. | 31. |   34. |  83. | -12. | 32. |   37. |  83. | 159|49897.0|15.1|  679
J1615-2940 | |B1612-29 |247.33805  |.0001700| -8.2567   |0.0014000|      |     |       |      |      |     |       |      |  89|48390.0|19.6| 2873
J1623-0908 | |B1620-09 |245.557366 |.0000140|+12.26437  |0.0000700| -17. | 10. |    6. |  48. | -16. | 12. |    9. |  48. | 327|48715.0|21.4|  579
J1623-2631 | |B1620-26 |248.4987652|.0000012| -4.872736 |0.0000150|      |     |       |      |      |     |       |      | 634|49874.0|15.3|  111
J1635+2418 | |B1633+24 |241.91751  |.0000800|+45.71252  |0.0000700| -13. | 46. |  -41. |  64. | -21. | 47. |  -37. |  63. | 160|48736.0|21.5| 1129
J1643-1224 | |         |251.0871991|.0000008| +9.778316 |0.0000050|   4.9|   .9|    3. |   7. |   5.2|  1.3|    2. |   7. | 490|50836.0| 9.7|   38
J1645-0317 | |B1642-03 |250.186200 |.0000030|+18.859871 |0.0000080|      |     |       |      |      |     |       |      | 704|46515.0|33.3|  239
J1648-3256 | |         |254.73139  |.0000400|-10.4534   |0.0003000| -13. | 47. |   -0. | 500. | -17. | 71. |   -0. | 500. | 105|50853.0| 9.7|  534
J1650-1654 | |         |253.30771  |.0001100| +5.5263   |0.0016000|      |     |       |      |      |     |       |      | 125|50862.0| 9.8| 2571
J1651-1709 | |B1648-17 |253.59336  |.0000600| +5.3135   |0.0007000|  13. | 54. | -200. | 800. | -10. |106. | -200. | 800. | 127|50027.0|14.5|  911
J1652-2404 | |B1649-23 |254.73203  |.0000400| -1.5086   |0.0018000| -17. | 34. | -900. |1500. |-120. |176. | -900. |1500. | 309|48742.0|21.5| 1308
J1654-2713 | |         |255.40903  |.0001000| -4.6048   |0.0014000|      |     |       |      |      |     |       |      | 122|51002.0| 8.9| 1906
J1659-1305 | |B1657-13 |255.15856  |.0000700| +9.5825   |0.0005000| -35. | 75. | -300. | 700. | -71. |102. | -300. | 700. | 108|49725.0|16.1| 1189
J1700-3312 | |         |257.46722  |.0000500|-10.4144   |0.0004000| -11. | 70. |  100. | 600. |   0. |100. |  100. | 600. | 195|50856.0| 9.7| 1277
J1703-1846 | |B1700-18 |256.690160 |.0000130| +4.0220   |0.0003000|  -7. | 14. |  100. | 300. |   3. | 28. |  100. | 300. | 156|49905.0|15.0|  406
J1703-3241 | |B1700-32 |257.942744 |.0000130| -9.84801  |0.0000900| -31. | 14. |   59. | 105. | -26. | 17. |   62. | 104. | 118|50005.0|14.3|  450
J1705-1906 |g|B1702-19 |257.135499 |.0000060| +3.72327  |0.0001100| -66. |  5. | -123. |  83. | -78. |  9. | -116. |  82. | 401|48733.0|21.5|  237
J1705-3423 |g|         |258.60227  |.0000400|-11.4920   |0.0003000|  33. | 40. |    0. | 500. |  34. | 67. |    0. | 500. | 103|50856.0| 9.7|  700
J1708-3426 | |         |259.28941  |.0001000|-11.4795   |0.0008000|      |     |       |      |      |     |       |      |  87|50856.0| 9.7| 1707
J1709-1640 | |B1706-16 |257.827605 |.0000060| +6.22415  |0.0000500|      |     |       |      |      |     |       |      | 456|46993.0|30.9|  314
J1711-1509 | |B1709-15 |258.29415  |.0000300| +7.79111  |0.0001900|  -7. | 23. |   -0. | 300. | -11. | 28. |   -0. | 300. | 149|49907.0|15.0|  504
J1713+0747 | |         |256.6686701|.0000003|+30.7003733|0.0000006|   5.4|   .5|   -4.3|   1.2|   4.9|  0.5|   -4.8|   1.2| 304|50913.0| 9.3|   11
J1717-3425 | |B1714-34 |261.04246  |.0000300|-11.30832  |0.0001100|  14. | 23. |  -98. |  97. |   7. | 23. |  -99. |  97. | 104|50253.0|12.9|  520
J1720-0212 | |B1718-02 |259.55295  |.0000500|+20.87934  |0.0001500|  -1. | 50. |   69. | 129. |   4. | 42. |   69. | 129. | 401|49429.0|17.5| 2513
J1720-1633 |g|B1717-16 |260.45637  |.0000300| +6.5527   |0.0004000|  22. | 31. |  200. | 500. |  37. | 42. |  200. | 500. | 160|49686.0|16.3| 1024
J1720-2933 | |B1717-29 |261.38089  |.0000300| -6.4097   |0.0003000| -21. | 24. |  100. | 300. | -14. | 30. |  100. | 300. | 125|49863.0|14.8|  517
J1721-1936 | |B1718-19 |260.80915  |.0001000| +3.5149   |0.0020000|      |     |       |      |      |     |       |      | 277|50434.0|12.2| 4725
J1721-3532 | |B1718-35 |262.00371  |.0000500|-12.3743   |0.0003000|  36. | 94. | -600. | 600. |  -6. |105. | -600. | 600. |  89|51374.0| 6.9| 1134
J1722-3207 | |B1718-32 |261.876084 |.0000070| -8.95715  |0.0000600|  -5. |  7. |    5. |  54. |  -5. |  8. |    5. |  54. | 141|49894.0|15.0|  182
J1728-0007 | |B1726-00 |261.45694  |.0000300|+23.07747  |0.0000800| -15. | 28. |    4. |  90. | -14. | 29. |    5. |  90. | 111|50089.0|13.7|  474
J1730-2304 | |         |263.1859657|.0000007| +0.1890   |0.0003000|  20.0|   .8|   -0. | 400. |  19. | 17. |   -0. | 400. | 412|50830.0| 9.7|   24
J1730-3350 |g|B1727-33 |263.78299  |.0000400|-10.5638   |0.0003000|      |     |       |      |      |     |       |      | 197|50198.0| 9.8| 1463
J1732-1930 | |         |263.46776  |.0000800| +3.7802   |0.0019000|      |     |       |      |      |     |       |      |  63|51197.0| 7.7|  900
J1733-2228 | |B1730-22 |263.86595  |.0000300| +0.821    |0.0030000| -10. | 22. | -700. |1800. | -43. | 84. | -700. |1800. | 326|48712.0|21.3|  746
J1734-0212 | |B1732-02 |263.24071  |.0001100|+21.0805   |0.0004000|      |     |       |      |      |     |       |      |  95|49699.0|16.0| 2352
J1735-0724 | |B1732-07 |263.576718 |.0000050|+15.885912 |0.0000200|  -2. |  6. |   23. |  24. |  -1. |  6. |   23. |  24. | 294|49887.0|14.9|  173
J1738-3211 | |B1735-32 |265.48493  |.0000300| -8.84158  |0.0001600|  -5. | 19. |   40. | 131. |  -4. | 20. |   40. | 131. | 310|49595.0|16.6|  840
J1739-2903 |g|B1736-29 |265.514612 |.0000140| -5.69117  |0.0001500|      |     |       |      |      |     |       |      | 352|49448.0|17.4|  846
J1739-3131 |g|B1736-31 |265.567611 |.0000190| -8.16082  |0.0001400| -71. | 16. |  -14. | 119. | -72. | 16. |  -12. | 119. | 198|49138.0|15.5|  848
J1740+1311 |g|B1737+13 |263.975138 |.0000060|+36.534490 |0.0000090| -24. |  3. |  -22. |   6. | -25. |  3. |  -21. |   6. | 389|48262.0|24.0|  331
J1741+2758 | |         |263.5969   |.0006000|+51.3078   |0.0008000|      |     |       |      |      |     |       |      |  33|51318.0| 7.1| 2769
J1741-0840 | |B1738-08 |265.24155  |.0000700|+14.6869   |0.0003000|  -4. | 45. |   45. | 179. |  -2. | 45. |   46. | 178. | 269|48714.0|21.4| 1326
J1743-0339 | |B1740-03 |265.53003  |.0001200|+19.7207   |0.0004000|      |     |       |      |      |     |       |      | 160|50067.0|13.9| 3942
J1743-1351 | |B1740-13 |265.97054  |.0000300| +9.52150  |0.0001700| -34. | 25. | -259. | 191. | -41. | 26. | -258. | 191. | 139|49666.0|16.1|  765
J1743-3150 |g|B1740-31 |266.48194  |.0000500| -8.4501   |0.0004000| -38. | 62. |  100. | 600. | -36. | 61. |  100. | 600. | 230|50241.0|12.9| 1746
J1744-1134 | |         |266.1193367|.0000003|+11.8052314|0.0000013|  18.9|   .4|  -10. |   3. |  18.6|  0.4|  -11. |   3. | 259|51098.0| 8.6|    8
J1745-3040 | |B1742-30 |266.952393 |.0000040| -7.27114  |0.0000400|  11. |  4. |   82. |  32. |  13. |  4. |   81. |  32. | 343|49890.0|15.0|  181
J1748-1300 | |B1745-12 |267.100155 |.0000070|+10.39535  |0.0000400|   5. |  7. |  -44. |  47. |   4. |  7. |  -44. |  47. | 253|50021.0|14.4|  275
J1748-2021 | |B1745-20 |267.3896   |.0003000| +3.052    |0.0070000|      |     |       |      |      |     |       |      | 341|50255.0|13.0|14937
J1748-2444 | |         |267.45850  |.0000500| -1.329    |0.0030000|  -6. | 61. |-1000. |4000. | -26. | 91. |-1000. |4000. | 145|50477.0|11.8| 1761
J1749-3002 | |B1746-30 |267.65266  |.0001000| -6.6257   |0.0009000|      |     |       |      |      |     |       |      | 177|50279.0|13.0| 3157
J1750-3157 | |B1747-31 |268.02452  |.0000300| -8.53877  |0.0001600|  12. | 24. |    5. | 164. |  12. | 23. |    4. | 164. | 163|50271.0|13.1|  960
J1750-3503 | |         |268.0660   |.0005000|-11.632    |0.0030000|      |     |       |      |      |     |       |      |  98|50548.0| 9.7|12549
J1752-2806 | |B1749-28 |268.446483 |.0000070| -4.68055  |0.0000800|   0.6|  2.3|   44. |  27. |   1.1|  2.3|   44. |  27. | 599|46483.0|33.6|  461
J1753-2501 | |B1750-24 |268.52915  |.0001000| -1.576    |0.0040000| -52. | 77. | 1000. |4000. | -41. | 87. | 1000. |4000. | 177|49613.0|16.7| 3518
J1754+5201 | |B1753+52 |266.5597   |.0005000|+75.44258  |0.0001300|      |     |       |      |      |     |       |      | 224|49666.0|16.1| 3550
J1756-2435 | |B1753-24 |269.309992 |.0000180| -1.1554   |0.0010000| -15. | 16. | -100. | 900. | -16. | 17. | -100. | 900. | 200|49613.0|16.7|  766
J1757-2421 | |B1754-24 |269.428089 |.0000050| -0.9307   |0.0004000| -17. |  5. | -500. | 400. | -20. |  6. | -500. | 400. | 275|49909.0|15.1|  251
J1759-2205 | |B1756-22 |269.861581 |.0000050| +1.3467   |0.0003000| -22. |  5. |  600. | 300. | -22. |  5. |  600. | 300. | 348|49721.0|16.1|  317
J1759-2922 | |         |269.95709  |.0000500| -5.9294   |0.0007000|  -3. | 58. |    0. |1100. |  -3. | 59. |    0. |1100. |  91|50856.0| 9.7|  579
J1801-0357 |g|B1758-03 |270.364442 |.0000200|+19.47356  |0.0000700| -34. | 20. |  -74. |  66. | -34. | 20. |  -74. |  66. | 222|49930.0|14.9|  717
J1801-2304 |g|B1758-23 |270.309    |.0070000| +1.2      |2.0000000|      |     |       |      |      |     |       |      |  70|52503.0| 1.3| 4001
J1801-2451 |g|B1757-24 |270.2266   |.0015000| -1.46     |0.1000000|      |     |       |      |      |     |       |      |  64|52503.0| 1.3|  755
J1801-2920 | |B1758-29 |270.390103 |.0000110| -5.90537  |0.0001300| -23. | 20. | -200. | 300. | -22. | 20. | -200. | 300. | 185|50549.0|11.3|  542
J1803-2137 |g|B1800-21 |270.89659  |.0000300| +1.8282   |0.0010000|      |     |       |      |      |     |       |      | 360|49527.0| 6.9| 1846
J1803-2712 | |B1800-27 |270.78619  |.0000600| -3.7649   |0.0010000|  60. | 65. | -700. |1500. |  64. | 68. | -700. |1500. | 113|50261.0|13.0|  957
J1804-0735 | |B1802-07 |271.244603 |.0000070|+15.84387  |0.0000300|  -5. |  7. |   -5. |  25. |  -5. |  7. |   -5. |  25. | 361|50337.0|12.7|  291
J1804-2717 | |         |270.969109 |.0000030| -3.85638  |0.0000600|   4. |  5. |  -97. |  89. |   4. |  5. |  -97. |  89. | 239|51041.0| 8.7|   86
J1805+0306 | |B1802+03 |271.442452 |.0000090|+26.54122  |0.0000300| -14. |  9. |  -13. |  31. | -14. |  9. |  -14. |  31. | 149|49946.0|14.8|  170
J1806-1154 | |B1804-12 |271.52617  |.0000400|+11.5232   |0.0003000| -13. | 46. | -200. | 400. | -11. | 47. | -200. | 400. | 146|50134.0|13.8|  679
J1807-0847 | |B1804-08 |271.9492293|.0000017|+14.631017 |0.0000070|  -2.3|  1.2|   -4. |   5. |  -2.3|  1.2|   -4. |   5. | 397|48244.0|23.9|   63
J1807-2715 | |B1804-27 |271.59072  |.0000300| -3.8214   |0.0004000| -18. | 22. |  200. | 400. | -20. | 23. |  200. | 400. | 192|49891.0|15.0|  534
J1808-0813 | |         |272.09163  |.0000400|+15.20731  |0.0001900|  34. | 46. | -200. | 300. |  37. | 46. | -200. | 300. | 107|50862.0| 9.8|  708
J1808-2057 | |B1805-20 |271.89413  |.0000400| +2.4572   |0.0008000| -15. | 33. |-1200. | 700. |   2. | 36. |-1200. | 700. | 152|49612.0|16.7|  979
J1809-2109 | |B1806-21 |272.155729 |.0000130| +2.2712   |0.0004000|  -8. | 12. |  100. | 400. |  -9. | 13. |  100. | 400. | 251|49612.0|16.7|  430
J1812+0226 | |B1810+02 |273.57694  |.0000300|+25.84849  |0.0000500| -18. | 19. |  -43. |  49. | -17. | 19. |  -44. |  49. | 199|49906.0|14.8|  851
J1812-1718 |g|B1809-173|272.90920  |.0000300| +6.1005   |0.0003000| -18. | 21. |  100. | 300. | -20. | 21. |  100. | 300. | 208|49612.0|16.7|  778
J1812-1733 | |B1809-176|272.93851  |.0000900| +5.8476   |0.0009000|  36. | 91. |  200. | 900. |  31. | 97. |  200. | 900. | 151|50283.0|13.0| 2808
J1813+4013 | |B1811+40 |275.68210  |.0000500|+63.60161  |0.0000300| -38. | 20. |   14. |  27. | -39. | 20. |   12. |  27. | 224|49886.0|15.0|  724
J1816-1729 | |B1813-17 |273.909813 |.0000190| +5.89987  |0.0001900| -11. | 17. |  -59. | 167. | -10. | 18. |  -59. | 167. | 193|49481.0|17.4|  535
J1816-2650 | |B1813-26 |273.70703  |.0000400| -3.4456   |0.0008000|   6. | 29. |  100. | 600. |   4. | 33. |  100. | 600. | 220|48739.0|21.5| 1444
J1818-1422 | |B1815-14 |274.510189 |.0000130| +8.99021  |0.0000800|  -8. | 11. |  -78. |  65. |  -6. | 11. |  -78. |  65. | 181|49478.0|17.4|  458
J1820-0427 | |B1818-04 |275.500072 |.0000090|+18.87910  |0.0000300| -10. |  3. |   10. |   9. | -10. |  3. |    9. |   9. | 628|46634.0|32.9|  590
J1820-1346 | |B1817-13 |275.00586  |.0000500| +9.5801   |0.0003000| -10. | 37. |  100. | 300. | -15. | 38. |  100. | 300. | 182|49609.0|16.7| 1321
J1820-1818 | |B1817-18 |274.920222 |.0000170| +5.05024  |0.0001900|  -7. | 20. |   25. | 198. |  -8. | 20. |   25. | 198. | 135|50283.0|13.0|  521
J1821+17   | |         |276.6768   |.0005000|+40.5788   |0.0007000|      |     |       |      |      |     |       |      |  46|51413.0| 6.8| 1355
J1822+0705 | |         |276.41992  |.0001300|+30.4037   |0.0003000|      |     |       |      |      |     |       |      |  46|51341.0| 7.2|  797
J1822-1400 | |B1820-14 |275.62921  |.0000300| +9.32681  |0.0001500|   0. | 20. |   67. | 117. |  -3. | 21. |   67. | 117. | 170|49266.4|17.4|  782
J1822-2256 | |B1819-22 |275.28994  |.0000500| +0.392    |0.0080000| -27. | 29. | 2000. |6000. |-100. |300. | 2000. |6000. | 211|48740.0|21.5| 1185
J1823+0550 | |B1821+05 |276.699734 |.0000060|+29.142742 |0.0000110|  -1. |  4. |  -22. |   9. |   0. |  4. |  -22. |   9. | 369|48713.0|21.3|  326
J1823-0154 | |         |276.40763  |.0000400|+21.40538  |0.0001000|  -9. | 40. |   64. | 154. | -12. | 40. |   64. | 155. | 111|50850.0| 9.7|  487
J1823-1115 | |B1820-11 |275.93532  |.0001600|+12.0643   |0.0007000| -17. | 77. |  300. | 400. | -27. | 76. |  200. | 400. | 476|49465.0|17.5| 2127
J1823-3021A| |B1820-30A|275.143393 |.0000030| -7.02742  |0.0000300|   1. |  3. |   24. |  35. |   0. |  4. |   24. |  35. | 275|50319.0|12.7|  132
J1823-3021B| |B1820-30B|275.147188 |.0000180| -7.02807  |0.0002000| -12. | 18. |  -62. | 200. |  -9. | 21. |  -63. | 200. | 274|50320.0|12.8|  519
J1823-3106 | |B1820-31 |275.134674 |.0000040| -7.78044  |0.0000300|  17. |  4. |    3. |  30. |  17. |  4. |    4. |  30. | 196|50093.0|14.1|  138
J1824-1118 | |B1821-11 |276.13826  |.0000300|+11.99707  |0.0001400|   3. | 23. | -153. | 112. |   9. | 24. | -153. | 112. | 188|49480.0|17.4| 1103
J1824-1945 | |B1821-19 |275.658084 |.0000040| +3.55711  |0.0000700|      |     |       |      |      |     |       |      | 307|49877.0|15.2|  181
J1824-2452 | |B1821-24 |275.564751 |.0000050| -1.54886  |0.0001700|   1. |  4. | -117. | 162. |   6. |  9. | -117. | 162. | 126|49858.0|15.4|  118
J1825+0004 | |B1822+00 |276.880243 |.0000110|+23.36075  |0.0000300| -18. | 10. |  -34. |  31. | -17. | 10. |  -35. |  31. | 188|49719.0|16.1|  421
J1825-0935 |g|B1822-09 |276.47293  |.0000600|+13.7066   |0.0003000|      |     |       |      |      |     |       |      | 452|49448.0|17.6| 3912
J1825-1446 | |B1822-14 |276.122068 |.0000200| +8.52502  |0.0001400|  11. | 17. |   19. | 115. |  10. | 18. |   19. | 115. | 197|49480.0|17.4|  801
J1826-1131 | |B1823-11 |276.52832  |.0000500|+11.7628   |0.0003000|   5. | 40. | -149. | 188. |  12. | 40. | -149. | 188. | 302|49464.0|17.5| 1499
J1826-1334 |g|B1823-13 |276.463919 |.0000100| +9.71265  |0.0000600| -17. | 16. |   93. |  80. | -21. | 16. |   92. |  80. | 455|50930.0| 9.8|  484
J1827-0958 |g|B1824-10 |276.85459  |.0000500|+13.29963  |0.0002000| -33. | 36. |   48. | 166. | -35. | 37. |   46. | 166. | 207|49480.0|17.4| 1615
J1829-1751 | |B1826-17 |277.101912 |.0000070| +5.40522  |0.0000800|      |     |       |      |      |     |       |      | 319|49878.0|15.2|  421
J1830-1059 | |B1828-11 |277.73303  |.0000400|+12.24178  |0.0001500|      |     |       |      |      |     |       |      | 767|49621.0|16.5| 2091
J1832-0827 | |B1829-08 |278.341973 |.0000050|+14.752453 |0.0000170|  -3. |  4. |   20. |  15. |  -4. |  4. |   20. |  15. | 295|49442.0|16.4|  201
J1832-1021 | |B1829-10 |278.243955 |.0000080|+12.84667  |0.0000400| -17. |  7. |    3. |  33. | -18. |  7. |    2. |  33. | 329|49459.0|17.3|  381
J1833-0338 | |B1831-03 |278.924582 |.0000160|+19.52746  |0.0000500|      |     |       |      |      |     |       |      | 432|49698.0|16.0|  897
J1833-0827 |g|B1830-08 |278.610706 |.0000040|+14.729339 |0.0000140| -37. |  4. |    3. |  16. | -37. |  4. |    0. |  15. | 271|50483.0|12.1|  148
J1834-0010 | |B1831-00 |279.31713  |.0001800|+22.9810   |0.0005000|      |     |       |      |      |     |       |      | 141|49123.0|12.8| 3445
J1834-0426 | |B1831-04 |279.064499 |.0000100|+18.73114  |0.0000400|  -1. |  8. |  -39. |  32. |   2. |  8. |  -39. |  32. | 242|49714.0|15.6|  464
J1835-0643 | |B1832-06 |279.08713  |.0000500|+16.44453  |0.0001600| -48. | 35. |  -61. | 133. | -44. | 37. |  -64. | 133. | 217|49533.0|16.9| 1700
J1835-1106 |g|         |278.85670  |.0000700|+12.0637   |0.0004000|      |     |       |      |      |     |       |      | 107|50528.0| 8.0| 1585
J1836-0436 | |B1834-04 |279.692068 |.0000070|+18.51929  |0.0000300|   1. |  6. |   16. |  19. |   0. |  6. |   16. |  19. | 204|49532.0|16.9|  246
J1836-1008 | |B1834-10 |279.320646 |.0000160|+13.00566  |0.0000700|      |     |       |      |      |     |       |      | 293|48880.0|20.7|  594
J1837-0045 | |         |280.15351  |.0000700|+22.35618  |0.0002000| -27. | 99. |    0. | 400. | -29. | 99. |    0. | 400. | 162|51019.0| 9.0| 1469
J1837-0653 | |B1834-06 |279.63129  |.0000800|+16.2446   |0.0003000|      |     |       |      |      |     |       |      | 235|49480.0|17.4| 2902
J1840+5640 | |B1839+56 |300.69652  |.0000800|+79.030838 |0.0000160| -39. | 11. |  -20. |  13. | -29. | 11. |  -33. |  14. | 293|48717.0|21.4|  599
J1841+0912 | |B1839+09 |282.253798 |.0000130|+32.196472 |0.0000180|      |     |       |      |      |     |       |      | 316|48266.0|24.1|  396
J1841-0425 | |B1838-04 |280.815844 |.0000070|+18.63226  |0.0000300|   6. |  5. |    0. |  17. |   6. |  6. |    0. |  17. | 337|49477.0|17.4|  349
J1842-0359 | |B1839-04 |281.20360  |.0000600|+19.02762  |0.0001700|  20. | 47. |  -88. | 138. |  27. | 47. |  -86. | 138. | 341|49462.0|17.5| 2573
J1844+1454 | |B1842+14 |283.778821 |.0000060|+37.807639 |0.0000090|  25. |  4. |   14. |   8. |  23. |  4. |   17. |   8. | 334|49362.0|18.1|  283
J1844-0244 | |B1842-02 |281.91970  |.0000700|+20.23286  |0.0001800|  46. | 48. |   17. | 135. |  44. | 50. |   21. | 135. | 207|49610.0|16.7| 1869
J1844-0433 | |B1841-04 |281.712629 |.0000200|+18.43406  |0.0000700|  -3. | 17. |  -23. |  54. |  -1. | 17. |  -23. |  54. | 341|49626.0|16.6|  649
J1844-0538 | |B1841-05 |281.497447 |.0000080|+17.35765  |0.0000300|   4. |  6. |   31. |  20. |   1. |  6. |   31. |  20. | 235|49551.0|17.0|  259
J1845-0434 | |B1842-04 |281.97803  |.0000300|+18.39179  |0.0000800|  39. | 18. | -153. |  58. |  51. | 19. | -149. |  57. | 210|49610.0|16.7|  932
J1847-0402 | |B1844-04 |282.498448 |.0000070|+18.88955  |0.0000300|  -2. |  6. |   -8. |  19. |  -1. |  5. |   -9. |  19. | 384|48736.0|21.5|  297
J1848-0123 | |B1845-01 |283.013981 |.0000070|+21.494870 |0.0000180|  -2. |  7. |  -41. |  19. |   2. |  6. |  -41. |  19. | 299|50022.0|14.4|  302
J1848-1414 | |         |281.92321  |.0000600| +8.6991   |0.0006000|  41. | 78. |  500. | 800. |  -1. | 90. |  500. | 800. | 103|50866.0| 9.8|  991
J1848-1952 | |B1845-19 |281.36275  |.0000900| +3.0890   |0.0019000| -62. | 72. |-1200. |1900. |  39. |157. |-1200. |1900. | 135|48695.0|21.2| 2424
J1849-0636 | |B1846-06 |282.711470 |.0000170|+16.28060  |0.0000600|  16. | 13. |  -33. |  50. |  19. | 13. |  -31. |  50. | 304|48736.0|21.5|  543
J1850+1335 | |B1848+13 |285.325255 |.0000110|+36.368375 |0.0000170| -12. |  9. |    4. |  17. | -12. |  9. |    3. |  18. | 162|49722.0|16.1|  261
J1851+0418 | |B1848+04 |284.32965  |.0000600|+27.10991  |0.0001100|  23. | 44. |  -11. |  96. |  24. | 44. |   -9. |  95. | 211|49845.0|15.4| 1485
J1851+1259 | |         |285.43214  |.0000300|+35.74894  |0.0000400| -30. | 18. |  -69. |  35. | -23. | 17. |  -71. |  35. | 134|49908.0|15.1|  610
J1852+0031 | |B1849+00 |284.3045   |.0005000|+23.3243   |0.0011000|      |     |       |      |      |     |       |      | 186|49613.0|16.7|15208
J1852-2610 | |         |281.888479 |.0000140| -3.2760   |0.0005000| -32. | 19. |  300. | 600. | -61. | 59. |  300. | 600. |  89|50866.0| 9.8|  173
J1854+1050 | |B1852+10 |286.1005   |.0004000|+33.4594   |0.0006000|      |     |       |      |      |     |       |      | 231|49692.0|16.2| 9502
J1854-1421 | |B1851-14 |283.39726  |.0000300| +8.44777  |0.0001700|  -4. | 24. |   -5. | 180. |  -3. | 26. |   -6. | 180. | 155|49909.0|15.1|  589
J1856+0113 |g|B1853+01 |285.39089  |.0001700|+23.9146   |0.0004000|      |     |       |      |      |     |       |      | 282|49780.0|12.1| 7166
J1857+0057 | |B1854+00 |285.58681  |.0001400|+23.6260   |0.0004000|      |     |       |      |      |     |       |      | 100|49694.0|16.2| 2393
J1857+0212 | |B1855+02 |285.930284 |.0000130|+24.85612  |0.0000300| -13. | 10. |   11. |  25. | -14. | 10. |    9. |  25. | 246|49554.0|17.0|  419
J1857+0943 | |B1855+09 |286.8635021|.0000011|+32.3215128|0.0000019|  -3.4|  1.0|   -4.5|   1.7|  -2.8|  1.0|   -4.9|   1.7| 430|49562.0|17.0|   52
J1900-2600 | |B1857-26 |283.650124 |.0000070| -3.29021  |0.0001400| -30. |  5. |   11. | 105. | -31. | 13. |    7. | 105. | 230|48891.0|20.6|  181
J1901+0156 | |B1859+01 |286.947257 |.0000090|+24.48217  |0.0000300|  17. | 12. |   38. |  30. |  12. | 11. |   40. |  30. | 130|49298.0|11.8|  263
J1901+0331 | |B1859+03 |287.139002 |.0000090|+26.046990 |0.0000190|      |     |       |      |      |     |       |      | 268|50027.0|14.4|  337
J1901+0716 |g|B1859+07 |287.68096  |.0000600|+29.77451  |0.0001100| -46. | 42. |   -4. |  90. | -45. | 43. |   -9. |  89. | 292|49863.0|15.1| 1692
J1901-0906 | |         |285.715999 |.0000140|+13.49621  |0.0000900|  -4. | 21. |  -27. | 138. |  -1. | 19. |  -28. | 138. | 100|50873.0| 9.8|  305
J1902+0556 | |B1900+05 |287.793855 |.0000160|+28.41653  |0.0000300|  -8. | 13. |   -3. |  29. |  -7. | 13. |   -4. |  29. | 353|49722.0|16.1|  521
J1902+0615 | |B1900+06 |287.876512 |.0000100|+28.745540 |0.0000190|  -4. |  8. |   -7. |  17. |  -3. |  8. |   -8. |  17. | 343|49910.0|15.1|  406
J1903+0135 |g|B1900+01 |287.427020 |.0000100|+24.07797  |0.0000300|      |     |       |      |      |     |       |      | 208|48741.0|21.5|  318
J1903-0632 | |B1900-06 |286.456030 |.0000100|+15.99569  |0.0000400| -10. | 10. |  -34. |  36. |  -6. |  9. |  -35. |  37. | 216|50023.0|14.4|  335
J1904+0004 | |         |287.42159  |.0000300|+22.54177  |0.0000600| -17. | 23. |  -82. |  74. |  -7. | 21. |  -83. |  75. | 111|50866.0| 9.8|  531
J1904-1224 | |         |286.00920  |.0000400|+10.1465   |0.0003000| -57. | 40. | -200. | 400. | -36. | 46. | -200. | 400. |  95|51037.0| 8.9|  414
J1905+0709 | |B1903+07 |288.86524  |.0001000|+29.52216  |0.0001700| -51. | 67. |   64. | 149. | -58. | 70. |   57. | 148. | 303|49466.0|17.5| 3663
J1905-0056 |g|B1902-01 |287.625452 |.0000060|+21.498788 |0.0000150|  -1. |  5. |   13. |  15. |  -2. |  5. |   13. |  15. | 170|49721.0|16.1|  217
J1906+0641 | |B1904+06 |288.990722 |.0000120|+29.03254  |0.0000300|  -9. |  8. |    3. |  19. | -10. |  9. |    2. |  18. | 213|49613.0|16.7|  330
J1907+4002 | |B1905+39 |298.12469  |.0000600|+61.83466  |0.0000400|  23. | 23. |   -1. |  30. |  22. | 23. |    5. |  26. | 268|48713.0|21.3|  943
J1909+0007 | |B1907+00 |288.873582 |.0000080|+22.43936  |0.0000300|   1. |  6. |  -15. |  17. |   3. |  7. |  -14. |  17. | 295|48740.0|21.5|  351
J1909+0254 | |B1907+02 |289.282870 |.0000120|+25.19544  |0.0000300|   9. | 11. |   27. |  27. |   6. | 11. |   28. |  27. | 229|49695.0|16.3|  471
J1909+1102 | |B1907+10 |290.605924 |.0000050|+33.233479 |0.0000070|  -5. |  4. |    8. |   8. |  -6. |  4. |    7. |   8. | 316|49912.0|15.1|  162
J1910+0358 | |B1907+03 |289.57961  |.0001200|+26.2295   |0.0003000|      |     |       |      |      |     |       |      | 199|50026.0|14.4| 3127
J1910+1231 | |B1907+12 |290.98666  |.0001700|+34.6968   |0.0004000|  45. | 76. |    0. | 300. |  39. | 72. |    0. | 300. | 139|48741.0|21.5| 2115
J1910-0309 |g|B1907-03 |288.66233  |.0000300|+19.13975  |0.0000800|      |     |       |      |      |     |       |      | 166|49985.0|14.2|  826
J1911-1114 | |         |287.9456998|.0000017|+11.088135 |0.0000100| -16. |  3. |  -15. |  16. | -14. |  3. |  -17. |  16. | 238|51106.0| 8.2|   51
J1912+2104 | |B1910+20 |293.47673  |.0000600|+43.04484  |0.0000600|  -6. | 30. |   74. |  49. | -18. | 29. |   72. |  49. | 215|48740.0|21.5| 1287
J1913+1400 | |B1911+13 |292.199187 |.0000060|+36.050327 |0.0000080|  -6. |  5. |   -2. |   8. |  -6. |  5. |   -3. |   9. | 204|49910.0|15.1|  178
J1913-0440 | |B1911-04 |289.343075 |.0000070|+17.52732  |0.0000300|   3. |  3. |  -27. |   8. |   7. |  3. |  -26. |   7. | 507|46634.0|32.8|  446
J1915+1009 | |B1913+10 |292.096156 |.0000100|+32.164943 |0.0000160|   2. |  7. |  -11. |  13. |   4. |  7. |  -10. |  13. | 580|49053.0|19.8|  334
J1915+1606 | |B1913+16 |293.23171  |.0000300|+38.03753  |0.0000300|  23. | 18. |   20. |  31. |  19. | 19. |   23. |  31. | 316|49717.0|16.1|  945
J1915+1647 | |B1913+167|293.32880  |.0001200|+38.71225  |0.0001500|  81. | 67. |   63. | 111. |  69. | 64. |   75. | 112. | 208|48867.0|20.5| 1669
J1916+0951 | |B1914+09 |292.339415 |.0000080|+31.824492 |0.0000120|  -9. |  7. |    0. |  13. |  -9. |  7. |   -1. |  13. | 239|49910.0|15.1|  174
J1916+1312 | |B1914+13 |293.097868 |.0000170|+35.12280  |0.0000300|      |     |       |      |      |     |       |      | 255|49568.0|13.2|  647
J1917+1353 | |B1915+13 |293.435598 |.0000050|+35.772129 |0.0000080|      |     |       |      |      |     |       |      | 466|49763.0|15.9|  255
J1917+2224 | |B1915+22 |295.3779   |.0003000|+44.1222   |0.0003000|      |     |       |      |      |     |       |      | 133|49724.0|16.1| 3476
J1918+1444 | |B1916+14 |293.82572  |.0000300|+36.58389  |0.0000400|      |     |       |      |      |     |       |      | 432|49690.0|16.3| 1254
J1919+0021 |g|B1917+00 |291.65415  |.0000300|+22.31228  |0.0000600|  12. | 17. |  -68. |  50. |  22. | 18. |  -65. |  50. | 332|49427.0|17.5|  821
J1920+2650 | |B1918+26 |297.57436  |.0000900|+48.37163  |0.0000800|  13. | 49. |  -82. |  65. |  30. | 47. |  -78. |  66. |  93|49912.0|16.1|  988
J1921+1419 | |B1919+14 |294.62630  |.0000700|+36.03702  |0.0001100| -14. | 40. |   14. |  82. | -17. | 40. |   12. |  82. | 252|48741.0|21.5| 1782
J1921+1948 | |B1918+19 |295.77288  |.0000800|+41.45548  |0.0001000|   0. | 60. |  -31. |  88. |   6. | 47. |  -30. |  91. | 122|48739.0|21.5| 1583
J1921+2153 | |B1919+21 |296.512221 |.0000110|+43.460323 |0.0000120|  28. |  7. |   24. |  11. |  23. |  6. |   29. |  12. | 236|48999.0|19.8|  229
J1922+2018 | |B1920+20 |296.22445  |.0001500|+41.88722  |0.0001600|-106. |124. |    3. | 174. |-105. |120. |  -17. | 177. | 140|49670.0|16.2| 2700
J1922+2110 | |B1920+21 |296.68518  |.0000300|+42.71675  |0.0000400|  -1. | 30. |   10. |  36. |  -3. | 24. |   10. |  36. | 286|49879.0|15.0|  718
J1926+0431 | |B1923+04 |294.13809  |.0000400|+26.17261  |0.0000700|   0. | 30. |   22. |  47. |  -4. | 20. |   22. |  48. | 167|48716.0|21.3|  476
J1926+1434 | |B1924+14 |296.31921  |.0001000|+36.05614  |0.0001300| -81. | 65. | -118. |  93. | -58. | 65. | -131. |  93. |  84|48717.0|21.3| 1741
J1926+1648 | |B1924+16 |296.776458 |.0000140|+38.253717 |0.0000190|  11. | 11. |  -16. |  18. |  13. | 11. |  -14. |  18. | 342|49857.0|15.1|  500
J1932+1059 | |B1929+10 |297.052942 |.0000060|+32.291372 |0.0000090|  99.7|  1.7|   27. |   4. |  93.0|  1.8|   45. |   4. | 548|46523.0|33.4|  238
J1932+2020 | |B1929+20 |299.314082 |.0000140|+41.469942 |0.0000150|      |     |       |      |      |     |       |      | 158|49887.0|15.0|  351
J1932+2220 |g|B1930+22 |299.96265  |.0001500|+43.41414  |0.0001400|      |     |       |      |      |     |       |      | 315|51418.0| 6.7| 4608
J1933+2421 | |B1931+24 |301.05375  |.0000700|+45.55880  |0.0000900|      |     |       |      |      |     |       |      | 318|50629.0|11.1| 1330
J1935+1616 | |B1933+16 |299.3343108|.0000015|+37.3097753|0.0000020|  -2.2|   .4|  -16.2|   0.7|   1.1|  4. |  -16.3|   0.7|4746|46434.0|34.1|  126
J1937+2544 | |B1935+25 |302.503836 |.0000060|+46.476784 |0.0000060| -14. |  5. |  -12. |   6. | -10. |  4. |  -15. |   6. | 305|49703.0|16.0|  156
J1939+2134 | |B1937+21 |301.9732417|.0000013|+42.2967595|0.0000014|  -1.1|   .7|   -1.4|   0.8|  -0.8|  0.7|   -1.7|   0.9| 435|49014.0|19.9|   38
J1939+2449 | |B1937+24 |302.80981  |.0000700|+45.37308  |0.0000700| 223. | 67. |  170. | 113. | 176. | 66. |  218. | 114. | 216|50679.0|10.8| 1976
J1941-2602 | |B1937-26 |292.614110 |.0000030| -4.55641  |0.0000400|   5. |  3. |   45. |  36. |  -2. |  8. |   45. |  36. | 153|50076.0|14.0|   83
J1943-1237 | |B1940-12 |295.489667 |.0000190| +8.55215  |0.0001400| -28. | 16. |  -47. | 136. | -20. | 23. |  -51. | 135. | 105|48717.0|21.3|  412
J1944-1750 | |B1941-17 |294.73120  |.0000600| +3.3966   |0.0011000|   7. | 55. | -400. |1000. |  76. |164. | -400. |1000. |  96|49905.0|15.1| 1085
J1945-0040 | |B1942-00 |298.24477  |.0000800|+20.2082   |0.0003000| -53. | 49. |  -52. | 160. | -43. | 45. |  -61. | 161. | 103|48103.0|24.7| 1615
J1946+1805 | |B1944+17 |303.10871  |.0000300|+38.51256  |0.0000400|   5. | 14. |  -10. |  19. |   7. | 15. |   -9. |  18. | 220|48790.0|20.9|  671
J1946-2913 | |B1943-29 |293.334924 |.0000160| -7.92905  |0.0001300| -12. | 13. |  144. | 118. | -38. | 27. |  139. | 115. |  89|48736.0|21.5|  443
J1948+3540 | |B1946+35 |310.619126 |.0000060|+55.351676 |0.0000050| -14. |  4. |    2. |   4. | -14. |  4. |   -3. |   4. | 493|49449.0|17.6|  201
J1949-2524 | |B1946-25 |294.59806  |.0000400| -4.2669   |0.0006000|  39. | 26. |   -0. | 500. |  40. | 86. |    0. | 500. | 127|48106.0|24.7|  608
J1952+1410 | |B1949+14 |303.50347  |.0001200|+34.36165  |0.0001700|      |     |       |      |      |     |       |      | 158|50110.0|13.7| 2598
J1952+3252 |g|B1951+32 |310.64911  |.0000400|+52.40585  |0.0000300|      |     |       |      |      |     |       |      | 677|49845.0|15.4| 1533
J1954+2923 | |B1952+29 |309.453311 |.0000140|+48.985785 |0.0000110| -39. |  6. |  -24. |   8. | -30. |  6. |  -34. |   8. | 218|48719.0|21.4|  247
J1955+2908 | |B1953+29 |309.691369 |.0000140|+48.684569 |0.0000110|  -3. |  9. |   -2. |  10. |  -2. |  9. |   -2. |  10. | 229|49429.0|17.4|  306
J1955+5059 | |B1953+50 |327.045734 |.0000100|+68.798815 |0.0000040|   6. |  3. |   66. |   3. | -30. |  3. |   59. |   3. | 352|48741.0|21.5|  118
J1957+2831 | |         |310.00728  |.0000400|+47.97623  |0.0000400| -85. | 38. |   48. |  59. | -95. | 38. |   21. |  60. | 180|51429.0| 6.5|  594
J2002+3217 | |B2000+32 |313.29220  |.0000500|+51.24098  |0.0000400|      |     |       |      |      |     |       |      | 445|49444.0|17.6| 1916
J2002+4050 | |B2000+40 |318.903935 |.0000180|+59.188545 |0.0000090| -19. |  9. |   -3. |   9. | -17. |  9. |  -11. |   9. | 324|49887.0|15.2|  327
J2004+3137 | |B2002+31 |313.839140 |.0000150|+50.416147 |0.0000130|  -3. | 10. |   -8. |  12. |   0. |  9. |   -9. |  13. | 362|49723.0|16.1|  368
J2005-0020 | |         |303.58997  |.0001400|+19.5096   |0.0004000|      |     |       |      |      |     |       |      |  81|50852.0| 8.0| 1512
J2006-0807 | |B2003-08 |301.98007  |.0000400|+11.88632  |0.0001600| -14. | 35. |  -75. | 174. |   2. | 49. |  -76. | 171. | 234|49766.0|15.4| 1304
J2013+3845 | |B2011+38 |320.811294 |.0000170|+56.479117 |0.0000110| -48. |  9. |  -17. |  10. | -37. |  9. |  -35. |  11. | 384|49718.0|16.1|  535
J2018+2839 | |B2016+28 |316.457607 |.0000050|+46.693181 |0.0000050|  -3.9|  1.1|   -3.6|   1.6|  -2.5|  1.1|   -4.6|   1.5| 528|46384.0|34.4|  178
J2019+2425 | |         |314.994457 |.0000040|+42.565432 |0.0000050| -17. |  7. |  -23. |   9. |  -9. |  7. |  -27. |   9. | 119|51129.0| 8.4|   65
J2022+2854 | |B2020+28 |317.945041 |.0000040|+46.588497 |0.0000040|      |     |       |      |      |     |       |      | 311|49692.0|16.3|  160
J2022+5154 | |B2021+51 |337.862556 |.0000080|+67.127963 |0.0000040|   1.9|  1.0|   12.0|   1.0|  -5.7|  1.0|   10.7|   1.0| 723|46640.0|33.0|  193
J2023+5037 | |B2022+50 |336.242949 |.0000060|+66.004694 |0.0000030|  17. |  3. |   14. |   3. |   5. |  3. |   21. |   3. | 347|49910.0|15.1|  153
J2029+3744 | |B2027+37 |325.20826  |.0000500|+54.25166  |0.0000400| -17. | 31. |   24. |  33. | -25. | 31. |   15. |  34. | 170|49725.0|16.1|  675
J2030+2228 | |B2028+22 |317.41166  |.0000400|+39.91538  |0.0000400| -12. | 27. |  -21. |  30. |  -4. | 25. |  -24. |  32. | 109|49953.0|14.9|  452
J2037+3621 | |B2035+36 |326.70600  |.0001300|+52.33172  |0.0000700| 130. | 72. |  -38. |  63. | 134. | 62. |   19. |  73. | 107|49936.0|14.9| 1323
J2038+5319 | |B2036+53 |344.7247   |.0005000|+66.79754  |0.0001300|      |     |       |      |      |     |       |      |  91|50122.0|13.9| 1502
J2046+1540 | |B2044+15 |319.20124  |.0000300|+32.27680  |0.0000400|  -7. | 14. |    2. |  25. |  -7. | 15. |    0. |  30. | 297|48742.0|21.5|  539
J2046+5708 | |B2045+56 |354.06129  |.0001100|+68.72671  |0.0000400|  -3. | 41. |   63. |  33. | -48. | 37. |   41. |  38. | 238|49766.0|15.9| 1333
J2046-0421 | |B2043-04 |312.725008 |.0000150|+13.14098  |0.0000700|  10. | 12. |  -31. |  51. |  18. | 17. |  -27. |  50. | 296|48739.0|21.5|  593
J2048-1616 | |B2045-16 |310.117578 |.0000050| +1.48513  |0.0001600| 107.5|  1.5| -138. |  52. | 141. | 14. | -105. |  50. | 535|46423.0|33.9|  339
J2051-0827 | |         |312.835700 |.0000030| +8.846315 |0.0000170|   1. |  4. |  -41. |  29. |  12. |  8. |  -39. |  28. | 260|51116.0| 8.4|   90
J2055+2209 | |B2053+21 |324.268288 |.0000190|+37.69270  |0.0000300| -10. | 15. |   -1. |  30. |  -9. | 15. |   -5. |  22. | 194|49726.0|16.1|  381
J2055+3630 | |B2053+36 |332.106746 |.0000040|+50.920644 |0.0000030|  -1. |  2. |   -3. |   3. |   0. |  2. |   -3. |   3. | 383|49361.0|18.1|   99
J2108+4441 | |B2106+44 |342.48467  |.0000300|+56.913456 |0.0000180|   1. | 11. |  -13. |  12. |   8. | 12. |  -10. |  11. | 218|48736.0|21.5|  485
J2113+2754 | |B2110+27 |331.802871 |.0000090|+41.554050 |0.0000100| -41. |  6. |  -47. |   7. | -19. |  6. |  -60. |   7. | 310|48741.0|21.5|  309
J2113+4644 | |B2111+46 |345.94380  |.0000800|+58.13401  |0.0000500|   7. | 15. |   -6. |  17. |   9. | 15. |   -1. |  16. |3753|46614.0|33.0| 4599
J2116+1414 |g|B2113+14 |326.483035 |.0000110|+28.576376 |0.0000200|  -9. |  8. |  -16. |  15. |  -3. |  8. |  -18. |  15. | 297|48471.0|22.7|  291
J2124+1407 | |B2122+13 |328.64157  |.0000600|+27.74917  |0.0000900| -24. | 33. |  -79. |  57. |   5. | 35. |  -82. |  56. |  33|49872.0|15.0|  560
J2124-3358 | |         |312.738961 |.0000030|-17.818665 |0.0000080| -32. |  4. |  -41. |  10. | -17. |  5. |  -49. |   9. | 187|50884.0| 9.5|   67
J2145-0750 | |         |326.0246575|.0000005| +5.313079 |0.0000050| -12.8|   .5|   -6. |   6. | -10.0|  1.7|  -10. |   5. | 455|50766.0|10.1|   15
J2149+6329 | |B2148+63 | 19.860353 |.0000200|+66.412190 |0.0000080|  13. |  7. |  -10. |   7. |  15. |  8. |    6. |   7. | 336|49421.0|21.3|  401
J2150+5247 | |B2148+52 |  2.247613 |.0000090|+59.254182 |0.0000050|   8. |  5. |   -5. |   5. |   9. |  5. |    2. |   4. | 344|49693.0|15.9|  178
J2155-3118 | |B2152-31 |320.02365  |.0000900|-17.5087   |0.0003000|  -8. | 69. |  -21. | 194. |   0. |110. |  -22. | 178. |  96|48714.0|21.3| 1319
J2157+4017 | |B2154+40 |351.28789  |.0000300|+48.456831 |0.0000180|   4. | 14. |    6. |  15. |   0. | 13. |    7. |  15. | 401|49277.0|18.3|  778
J2212+2933 | |B2210+29 |347.99617  |.0000300|+37.52298  |0.0000300| -14. | 21. |   -9. |  29. |  -9. | 22. |  -14. |  28. | 237|49686.0|15.9|  860
J2219+4754 | |B2217+47 |  3.284986 |.0000120|+52.541126 |0.0000090| -22. |  3. |   -7. |   3. | -14. |  3. |  -18. |   3. | 480|46599.0|32.8|  458
J2222+29   | |         |350.50575  |.0000500|+36.34534  |0.0000400|  21. | 62. |   17. |  70. |  11. | 59. |   25. |  72. | 178|51242.0| 7.5|  761
J2225+6535 |g|B2224+65 | 29.09935  |.0000400|+64.304801 |0.0000160| 169. | 13. |  -62. |  14. | 144. | 15. |  109. |  13. | 479|49303.0|18.4|  579
J2229+2643 | |         |350.6956607|.0000016|+33.2901996|0.0000019|  -4. |  3. |   -5. |   4. |  -2. |  3. |   -6. |   4. | 223|51220.0| 7.6|   35
J2229+6205 | |B2227+61 | 23.36105  |.0000400|+61.916391 |0.0000190|   7. | 19. |    6. |  21. |  -1. | 30. |   10. |  17. | 162|49840.0|15.2|  379
J2242+6950 | |B2241+69 | 39.6093   |.0003000|+65.03005  |0.0001700|   9. |110. |    0. | 160. |   4. |158. |    8. | 106. |  74|49690.0|16.1| 2050
J2248-0101 | |         |343.10963  |.0000300| +6.06558  |0.0001800| -11. | 29. |    0. | 300. | -12. | 79. |    0. | 200. | 121|50866.0| 9.8|  286
J2257+5909 |g|B2255+58 | 23.587606 |.0000110|+57.377427 |0.0000070|  14. |  6. |  -26. |   7. |  28. |  7. |   -8. |   6. | 178|50085.0|13.8|  181
J2305+3100 | |B2303+30 |  1.45647  |.0000400|+33.51675  |0.0000500| -24. | 20. |  -38. |  31. |  -4. | 24. |  -45. |  28. | 214|48714.0|21.3|  581
J2305+4707 | |B2303+46 | 12.4154   |.0003000|+47.3638   |0.0003000|      |     |       |      |      |     |       |      | 124|49663.0|16.1| 3686
J2308+5547 | |B2306+55 | 21.284481 |.0000200|+53.984376 |0.0000140|  -7. | 10. |    0. |  10. |  -5. | 10. |   -4. |   9. | 362|48717.0|21.4|  414
J2313+4253 | |B2310+42 | 10.596896 |.0000030|+43.123178 |0.0000030|  21.3|  1.3|   -6.0|   1.7|  21.2|  1.5|    6.3|   1.5| 426|48241.0|23.9|   83
J2317+1439 | |         |356.1294033|.0000017|+17.680231 |0.0000050|  -1. |  3. |   10. |   9. |  -5. |  5. |    9. |   9. | 156|51242.0| 7.5|   30
J2317+2149 | |B2315+21 |359.533875 |.0000120|+24.11176  |0.0000300|  -2. |  9. |    4. |  18. |  -3. | 11. |    2. |  16. | 312|48716.0|21.4|  574
J2321+6024 | |B2319+60 | 29.09052  |.0000400|+56.12965  |0.0000300| -17. | 18. |    6. |  23. | -17. | 22. |   -7. |  19. | 335|49303.0|18.4|  869
J2322+2057 | |         |  0.136077 |.0000070|+22.878404 |0.0000110| -25. | 13. |   -4. |  19. | -21. | 15. |  -15. |  18. | 119|50958.0| 9.3|   89
J2325+6316 | |B2323+63 | 33.39000  |.0001800|+57.83862  |0.0001100|  -1. | 70. |    3. |  68. |  -3. | 72. |    1. |  70. | 319|48309.0|23.8| 3077
J2326+6113 | |B2324+60 | 30.914150 |.0000090|+56.273197 |0.0000050| -18. |  5. |    6. |   5. | -17. |  5. |   -9. |   5. | 336|49678.0|16.3|  227
J2330-2005 |g|B2327-20 |345.121282 |.0000180|-15.49405  |0.0000600|  37. | 18. |   21. |  52. |  25. | 27. |   34. |  48. | 162|49878.0|15.0|  608
J2337+6151 | |B2334+61 | 33.23099  |.0000400|+55.861626 |0.0000200| -11. | 16. |   -9. |  18. |  -1. | 18. |  -15. |  16. | 378|49721.0|16.1|  906
J2346-0609 | |         |354.528580 |.0000160| -4.35063  |0.0001700|   1. | 30. | -100. | 300. |  54. |103. | -100. | 300. | 188|51021.0| 9.0|  427
J2354+6155 | |B2351+61 | 35.845802 |.0000120|+54.527553 |0.0000080|  12. |  7. |  -13. |   8. |  18. |  8. |   -1. |   6. | 310|49405.0|17.8|  280
--------------------------------------------------------------------------------------------------------------------------------------------------
