#Table: J/MNRAS/352/1439/table1.dat (cdsarc.u-strasbg.fr)
-------------------------------------------------------------------------------------------------------
          |f|              |      |             |      |            |  |    |     |     |    |     |
          |_|              |      |             |      |            |  |    |     |     |    |     |
          |P|              |      |             |      |            |  |    |     |     |    |     |
          |S|              |      |             |      |            |  |    |     |     |    |     |
          |R| R  R         |      |  D  D       |      |            |Be|   b|     |     |  e_|     |
PSRJ      |J|Ah Am      RAs| e_RAs| Ed Em    DEs| e_DEs|  GLON  GLAT|am|Dist|  S/N| S1.4|S1.4|  W50|W10
----------|-|--------------|------|-------------|------|------------|--|----|-----|-----|----|-----|---
0843-5022 | |08 43 09.884  |.00800|-50 22 43.10 |  .080|268.50 -4.90| 7|0.46| 31.6|0.31 |.040|  6.1| 29
1016-5857 | |10 16 21.16   |.10000|-58 57 12.1  |  .100|284.08 -1.88| 3|0.74| 22.3|0.46 |.050|  7.8|  -
1021-5601 | |10 21 24.82   |.15000|-56 01 50.9  | 1.100|283.04  0.94| 7|0.77| 21.8|0.37 |.050| 52.0|  -
1032-5206 | |10 32 27.69   |.07000|-52 06 08.5  |  .600|282.35  5.13|11|0.64| 34.7|0.19 |.030| 21.0| 71
1052-6348 | |10 52 53.39   |.06000|-63 48 16.6  |  .300|290.29 -3.88| 3|0.49|  9.5|0.11 |.020| 10.0|  -
1054-6452 | |10 54 08.84   |.16000|-64 52 37.5  |  .800|290.89 -4.78| 8|1.00| 22.2|0.25 |.040| 22.0| 42
1055-6022 | |10 55 48.5    |.40000|-60 22 52.   | 3.000|289.11 -0.65|13|0.90| 10.9|0.16 |.030| 23.0|  -
1106-6438 | |11 06 28.44   |.14000|-64 38 60.0  |  .600|291.99 -4.03|10|0.63| 23.4|0.19 |.030| 27.0| 46
1152-5800 | |11 52 10.0    |.40000|-58 00 34.   | 4.000|295.13  3.96| 5|0.71| 10.2|0.12 |.020| 16.0|  -
1156-5707 | |11 56 07.45   |.04000|-57 07 01.9  |  .500|295.45  4.95| 7|0.76| 14.1|0.19 |.030|  4.8| 17
1210-6550 | |12 10 42.0    |.30000|-65 50 04.6  | 1.900|298.77 -3.29|11|0.91| 15.5|0.17 |.030| 39.0|  -
1337-6306 | |13 37 20.35   |.05000|-63 06 23.3  |  .300|308.10 -0.70| 1|0.82|  8.7|0.11 |.020| 12.0|  -
1352-6803 | |13 52 34.44   |.03000|-68 03 36.79 |  .190|308.61 -5.87|12|1.77| 17.4|0.68 |.080| 28.0| 45
1415-6621 | |14 15 31.27   |.03000|-66 21 12.2  |  .300|311.23 -4.85| 6|0.18| 97.8|0.71 |.080|  8.9| 17
1420-5625 | |14 20 03.062  |.00300|-56 25 55.00 |  .030|315.00  4.35| 8|0.86| 12.3|0.13 |.020|  1.3| 12
1424-5556 | |14 24 12.76   |.03000|-55 56 13.9  |  .300|315.72  4.61| 6|0.65| 40.3|0.38 |.050| 22.0| 36
1435-5954 | |14 35 00.36   |.05000|-59 54 49.2  |  .300|315.58  0.39| 1|0.75| 96.1|3.6  |.400| 19.0| 33
1437-6146 | |14 37 15.31   |.09000|-61 46 02.0  |  .800|315.10 -1.42|13|0.43| 19.4|0.24 |.030| 17.0|  -
1502-5653 | |15 02 57.389  |.01100|-56 53 39.21 |  .120|320.19  1.51| 3|0.74| 46.3|0.39 |.050|  7.2| 14
1519-6308 | |15 19 09.56   |.18000|-63 08 19.5  |  .100|318.74 -4.90| 1|0.55| 45.0|0.32 |.040| 22.0|  -
1538-5551 | |15 38 45.03   |.04000|-55 51 36.9  |  .600|324.91 -0.30| 1|0.87| 10.6|0.25 |.040| 11.0|  -
1542-5133 | |15 42 19.93   |.13000|-51 33 35.   | 3.000|327.91  2.83| 7|0.97| 19.7|0.27 |.040| 35.0| 59
1547-5750 | |15 47 30.60   |.10000|-57 50 29.4  | 1.500|324.66 -2.60|11|0.20| 27.3|0.23 |.030| 39.0|  -
1551-5310 | |15 51 41.25   |.06000|-53 10 59.6  |  .800|328.03  0.67| 5|0.97| 18.2|0.54 |.060| 62.0|  -
1609-4616 | |16 09 41.13   |.04000|-46 16 22.5  |  .400|334.76  3.99|12|0.28| 36.6|0.38 |.050|  5.6|  9
1620-5414 | |16 20 14.44   |.10000|-54 14 51.7  | 1.600|330.47 -2.94| 4|0.82| 11.4|0.13 |.020| 26.0|  -
1632-4509 | |16 32 14.00   |.17000|-45 09 09.   | 9.000|338.34  2.00|11|0.06| 14.4|0.16 |.030| 18.0|  -
1632-4757 | |16 32 16.72   |.06000|-47 57 34.3  | 1.400|336.30  0.08| 8|0.97|  9.5|0.30 |.040| 21.0|  -
1638-4417 | |16 38 46.221  |.01400|-44 17 03.6  |  .400|339.77  1.73|12|0.88| 12.2|0.21 |.030|  5.6|  -
1658-4958 | |16 58 54.92   |.06000|-49 58 58.4  |  .600|337.60 -4.55| 9|0.94| 64.7|0.87 |.100| 13.0| 26
1700-3919 | |17 00 22.27   |.03000|-39 19 00.02 | 1.420|346.16  1.83|11|0.26| 23.2|0.23 |.030| 14.0|  -
1702-4217 | |17 02 36.44   |.06000|-42 17 01.2  | 2.200|344.08 -0.33|13|0.48| 18.4|0.50 |.060| 41.0|  -
1708-4522 | |17 08 12.92   |.06000|-45 22 51.   | 3.000|342.22 -3.01| 1|0.63| 25.1|0.22 |.030| 17.0| 37
1715-4254 | |17 15 10.54   |.09000|-42 54 54.   | 4.000|344.95 -2.56| 6|0.71|  9.5|0.07 |.020| 26.0|  -
1718-3714 | |17 18 18.59   |.16000|-37 14 16.   | 9.000|349.93  0.24|11|0.42|  9.5|0.23 |.030| 96.0|  -
1718-3718 | |17 18 10.0    |.30000|-37 18 53.   |11.000|349.85  0.22|11|0.27| 13.3|0.18 |.030|130.0|  -
1724-3149 | |17 24 44.87   |.07000|-31 49 04.   | 4.000|355.14  2.23|11|0.42| 24.9|0.36 |.050| 32.0|  -
1726-4006 | |17 26 33.37   |.07000|-40 06 02.   | 4.000|348.48 -2.71| 4|0.86| 17.7|0.21 |.030| 20.0|  -
1727-2739 | |17 27 30.99   |.12000|-27 39 00.5  |16.900|358.94  4.05|11|0.80| 79.5|1.60 |.170| 90.0|  -
1730-3353 | |17 30 55.58   |.10000|-33 53 38.   |12.000|354.14 -0.00| 3|0.38| 43.9|0.38 |.050| 54.0|  -
1731-3123 | |17 31 00.53   |.03000|-31 23 43.   | 4.000|356.23  1.35| 6|1.06| 14.7|0.29 |.040| 19.0|  -
1732-4156 | |17 32 48.86   |.04000|-41 56 29.6  | 1.600|347.59 -4.71| 5|0.67| 17.9|0.22 |.030| 21.0|  -
1733-3030 | |17 33 58.89   |.06000|-30 30 49.   | 7.000|357.32  1.30|13|0.64| 10.2|0.20 |.030| 16.0|  -
1733-4005 | |17 33 58.64   |.03000|-40 05 39.7  | 1.500|349.27 -3.89|13|0.71| 40.0|0.49 |.060| 14.0| 23
1736-2819 | |17 36 24.73   |.09000|-28 19 42.   |16.000|359.45  2.04| 7|0.78| 10.3|0.16 |.030| 21.0|  -
1736-2843 | |17 36 42.59   |.16000|-28 43 51.   |22.000|359.14  1.76| 1|0.63| 47.4|0.43 |.050|145.0|  -
1737-3320 | |17 37 10.51   |.05000|-33 20 20.   | 5.000|355.31 -0.79| 5|0.40| 22.2|0.35 |.040| 42.0|  -
1738-2647 | |17 38 05.03   |.04000|-26 47 46.   |26.000|  0.94  2.54|12|0.93| 20.6|0.44 |.050| 12.0|  -
1738-3107 | |17 38 47.4    |.30000|-31 07 44.   |14.000|357.36  0.10|12|1.04| 12.0|0.26 |.040| 34.0|  -
1738-3316 | |17 38 34.45   |.06000|-33 16 01.6  | 4.900|355.53 -1.00| 9|0.70| 21.0|0.55 |.070| 91.0|  -
1740-2540 | |17 40 45.32   |.06000|-25 40 19.   |18.000|  2.21  2.63| 6|0.21| 17.6|0.16 |.030| 30.0|  -
1740-3327 | |17 40 25.72   |.03000|-33 27 53.5  | 1.700|355.56 -1.44| 3|1.08| 15.8|0.30 |.040| 11.0| 23
1743-2442 | |17 43 20.12   |.10000|-24 42 55.   |41.000|  3.33  2.64| 4|0.38| 14.8|0.14 |.020| 75.0|  -
1745-2229 | |17 45 16.71   |.07000|-22 29 14.   |25.000|  5.47  3.42|12|0.33| 18.9|0.13 |.020| 14.0|  -
1749-2347 | |17 49 15.61   |.12000|-23 47 17.   |82.000|  4.83  1.97| 5|1.40| 11.5|0.13 |.020|  9.1|  -
1750-2444 | |17 50 22.96   |.08000|-24 44 47.   |42.000|  4.14  1.26|13|0.50| 15.7|0.27 |.040| 32.0|  -
1752-2410 | |17 52 58.742  |.01500|-24 10 26.   |15.000|  4.93  1.04|10|2.71| 30.2|0.47 |.060|  7.1|  -
1754-3443 | |17 54 37.372  |.01400|-34 43 53.9  | 1.000|355.99 -4.61| 8|0.91| 33.4|0.49 |.060| 12.0| 21
1755-25211| |17 55 19.31   |.05000|-25 21 09.   |18.000|  4.18 -0.02| 6|0.26| 15.1|0.17 |.030| 20.0|  -
1755-2534 | |17 55 49.82   |.03000|-25 34 39.   |11.000|  4.05 -0.23|10|0.29|  9.2|0.17 |.030| 15.0|  -
1756-2225 | |17 56 25.56   |.08000|-22 25 48.   |66.000|  6.84  1.24| 1|0.67| 17.0|0.25 |.040| 19.0|  -
1758-1931 | |17 58 05.60   |.07000|-19 31 41.   |11.000|  9.54  2.35| 6|0.79| 20.4|0.38 |.050| 21.0|  -
1759-1903 | |17 59 41.76   |.16000|-19 03 19.   |27.000| 10.14  2.26| 2|0.39| 16.4|0.16 |.030| 34.0|  -
1759-3107 | |17 59 22.056  |.01400|-31 07 21.5  | 2.000|359.63 -3.67|10|0.99| 97.8|0.91 |.100| 16.0| 27
1800-2114 | |18 00 12.3    |.40000|-21 14 19.   |75.000|  8.31  1.07| 1|0.56| 18.7|0.30 |.040| 90.0|  -
1801-2115 | |18 01 32.49   |.12000|-21 15 18.   |53.000|  8.45  0.79| 1|0.46| 12.0|0.19 |.030| 47.0|  -
1801-2154 | |18 01 08.33   |.03000|-21 54 32.   |12.000|  7.83  0.55|11|0.49| 15.0|0.18 |.030|  9.6|  -
1803-1616 | |18 03 34.68   |.03000|-16 16 30.   | 4.000| 13.02  2.83| 5|0.55| 16.9|0.16 |.030| 19.0|  -
1803-1920 | |18 03 29.44   |.03000|-19 20 41.   | 7.000| 10.33  1.34| 9|0.49| 18.6|0.27 |.040| 12.0|  -
1805-2447 | |18 05 25.93   |.03000|-24 47 30.   |14.000|  5.81 -1.72| 3|0.88| 13.6|0.27 |.040| 11.0| 22
1806-1618 | |18 06 25.78   |.06000|-16 18 38.   | 8.000| 13.32  2.21|11|0.53| 11.9|0.22 |.030| 34.0|  -
1809-1850 | |18 09 37.21   |.12000|-18 50 55.   |21.000| 11.47  0.32| 6|0.93| 13.0|0.20 |.030| 55.0|  -
1810-1441 | |18 10 59.162  |.01400|-14 41 33.6  | 1.300| 15.27  2.03| 5|0.96| 10.6|0.21 |.030| 14.0|  -
1812-1910 | |18 12 34.89   |.10000|-19 10 39.   |10.000| 11.52 -0.46| 4|0.88| 10.2|0.22 |.030| 28.0|  -
1813-2242 | |18 13 29.16   |.08000|-22 42 06.   |42.000|  8.53 -2.33| 8|0.75| 11.9|0.21 |.030| 21.0|  -
1815-1738 | |18 15 14.672  |.00900|-17 38 03.0  | 1.200| 13.18 -0.27| 1|0.58| 13.9|0.25 |.040| 29.0|  -
1816-1446 | |18 16 29.19   |.03000|-14 46 30.   | 3.000| 15.84  0.83| 3|0.16| 17.5|0.23 |.030| 25.0|  -
1817-1511 |J|18 17 36.20   |.06000|-15 11 39.   | 6.000| 15.59  0.39| 2|0.24| 18.9|0.43 |.050| 21.0|  -
1818-1116 |J|18 18 26.45   |.06000|-11 16 29.   | 7.000| 19.14  2.07|11|0.11| 23.2|0.50 |.060| 25.0|  -
1819-0925 |J|18 19 50.542  |.01900|-09 25 49.9  | 1.300| 20.93  2.63| 9|0.68| 60.0|0.72 |.080| 20.0| 34
1819-1008 |J|18 19 39.986  |.01700|-10 08 28.   | 4.000| 20.29  2.34| 1|0.73| 21.4|0.35 |.040|  9.9|  -
1819-1131 | |18 19 58.15   |.10000|-11 31 29.   | 9.000| 19.10  1.62| 7|0.37| 10.8|0.15 |.030| 64.0|  -
1820-1529 |J|18 20 40.82   |.09000|-15 29 50.   |10.000| 15.68 -0.41|11|0.24| 19.6|0.61 |.070| 28.0|  -
1821-1419 | |18 21 34.3    |.40000|-14 19 26.   |32.000| 16.82 -0.04|12|0.20| 11.1|0.20 |.030| 99.0|  -
1822-0907 | |18 22 39.80   |.05000|-09 07 36.   | 3.000| 21.53  2.16| 1|0.71| 11.4|0.12 |.020| 28.0|  -
1822-1252 | |18 22 41.7    |.30000|-12 52 49.   |29.000| 18.22  0.39| 7|0.27| 15.0|0.25 |.040|105.0|  -
1822-1617 | |18 22 36.6    |.30000|-16 17 35.   |25.000| 15.19 -1.19| 6|0.34|  9.8|0.20 |.030|115.0|  -
1823-1126 | |18 23 19.86   |.10000|-11 26 04.   | 5.000| 19.57  0.93| 9|0.68| 36.4|0.51 |.060| 23.0| 44
1823-1526 | |18 23 21.42   |.06000|-15 26 22.   | 7.000| 16.03 -0.95| 5|0.75| 26.8|0.47 |.060| 41.0|  -
1824-1500 | |18 24 14.10   |.07000|-15 00 33.   | 8.000| 16.51 -0.93| 1|0.86| 10.9|0.16 |.030| 18.0|  -
1828-0611 | |18 28 20.715  |.00600|-06 11 51.5  |  .400| 24.78  2.28|10|0.60| 68.3|1.20 |.130| 10.0| 19
1828-1007 | |18 28 30.356  |.01500|-10 07 10.1  | 1.000| 21.32  0.42|12|0.53| 11.2|0.21 |.030|  8.7|  -
1828-1057 | |18 28 33.21   |.04000|-10 57 26.   | 3.000| 20.59  0.02|13|0.67| 11.7|0.23 |.030| 15.0|  -
1831-0823 |J|18 31 36.334  |.00800|-08 23 23.9  |  .500| 23.21  0.55|12|0.66| 78.8|0.97 |.110| 14.0| 23
1831-1423 | |18 31 29.10   |.03000|-14 23 46.   | 4.000| 17.87 -2.20|11|0.11| 13.3|0.19 |.030| 23.0|  -
1833-0556 | |18 33 38.88   |.16000|-05 56 05.   | 9.000| 25.62  1.23| 7|0.57| 11.4|0.20 |.030| 69.0|  -
1834-0633 | |18 34 29.25   |.15000|-06 33 01.1  | 6.300| 25.17  0.76| 6|0.43| 17.8|0.28 |.040|101.6|  -
1834-0731 | |18 34 16.00   |.07000|-07 31 07.   | 4.000| 24.29  0.37| 4|0.44| 46.3|1.00 |.110| 30.0|  -
1834-0742 |J|18 34 31.32   |.03000|-07 42 20.6  | 1.400| 24.15  0.22| 2|0.22| 27.4|0.35 |.040| 18.0|  -
1834-1202 | |18 34 23.12   |.03000|-12 02 26.4  | 1.300| 20.29 -1.74| 2|1.01| 26.4|0.70 |.080| 63.0| 87
1835-0522 | |18 35 08.12   |.05000|-05 22 08.   | 3.000| 26.30  1.16| 6|0.76| 18.4|0.23 |.030| 23.0|  -
1836-0517 | |18 36 25.20   |.11000|-05 17 35.   | 4.000| 26.51  0.91| 1|0.89|  9.5|0.15 |.030| 13.0|  -
1838-0549 | |18 38 38.09   |.03000|-05 49 12.   | 3.000| 26.30  0.18|11|0.37| 18.9|0.29 |.040|  7.0|  -
1838-0624 | |18 38 51.78   |.11000|-06 24 54.   | 4.000| 25.79 -0.14| 5|0.54| 10.9|0.16 |.030| 36.0|  -
1839-0905 | |18 39 53.458  |.02000|-09 05 14.8  | 1.400| 23.53 -1.59|13|0.69| 12.1|0.16 |.030| 17.0|  -
1840-0559 | |18 40 23.18   |.04000|-05 59 16.2  | 1.800| 26.35 -0.28|12|1.16| 12.7|0.31 |.040| 16.0| 34
1840-0809 |J|18 40 33.364  |.00600|-08 09 03.3  |  .400| 24.44 -1.31| 1|1.02|134.2|2.3  |.200| 10.0| 35
1840-0815 |J|18 40 13.775  |.01300|-08 15 10.6  |  .700| 24.31 -1.28| 1|1.79| 19.6|1.40 |.150| 22.0| 35
1840-1122 | |18 40 24.066  |.01900|-11 22 10.7  | 1.600| 21.56 -2.74| 3|0.87| 14.5|0.13 |.020| 11.0|  -
1841-0157 |J|18 41 56.207  |.02000|-01 57 54.6  |  .800| 30.10  1.22| 9|0.35| 97.7|0.81 |.090| 21.0|  -
1841-0310 | |18 41 25.89   |.14000|-03 10 21.   | 9.000| 28.97  0.78|13|0.39| 14.1|0.15 |.030| 59.0|  -
1841-0524 | |18 41 49.32   |.05000|-05 24 29.5  | 1.200| 27.02 -0.33| 3|0.59| 13.1|0.20 |.030| 13.0|  -
1842-0309 | |18 42 19.02   |.05000|-03 09 46.   | 3.000| 29.08  0.58| 9|0.64| 11.5|0.25 |.040| 43.0|  -
1842-0612 | |18 42 43.05   |.10000|-06 12 36.   | 5.000| 26.41 -0.90|12|0.61| 21.7|0.54 |.060| 53.0|  -
1843-0000 |J|18 43 27.962  |.00900|-00 00 40.9  |  .600| 32.01  1.77|10|0.62|250.4|2.9  |.300| 26.0| 40
1843-0137 | |18 43 12.63   |.03000|-01 37 46.3  | 1.200| 30.54  1.09| 4|1.04| 13.5|0.26 |.040| 17.0|  -
1843-0211 | |18 43 30.328  |.02000|-02 11 02.8  |  .700| 30.08  0.77|10|0.65| 69.8|0.93 |.100| 24.0|105
1843-0408 | |18 43 43.44   |.07000|-04 08 04.   | 3.000| 28.37 -0.17| 9|0.60| 17.1|0.17 |.030| 12.0|  -
1843-0702 | |18 43 22.441  |.01000|-07 02 54.6  |  .700| 25.74 -1.43| 3|0.40| 20.1|0.17 |.030|  4.7|  -
1843-0806 | |18 43 28.715  |.01100|-08 06 44.9  |  .700| 24.81 -1.93|12|0.97| 13.5|0.36 |.050| 21.0|  -
1843-1113 | |18 43 41.26225|.00020|-11 13 31.052|  .016| 22.05 -3.40| 7|0.18| 17.6|0.10 |.020|  0.2|  -
1844-0030 |A|18 44 41.099  |.01900|-00 30 25.8  | 1.300| 31.71  1.27| 5|0.61| 33.5|0.42 |.050| 16.0|  -
1844-0452 | |18 44 01.54   |.04000|-04 52 20.9  | 1.900| 27.75 -0.58| 9|0.84|  8.7|0.19 |.030| 16.0|  -
1844-0502 | |18 44 33.96   |.07000|-05 02 00.5  | 2.300| 27.67 -0.77| 5|1.06| 10.2|0.40 |.050| 24.0|  -
1845-0545 | |18 45 38.49   |.04000|-05 45 18.2  | 1.000| 27.15 -1.34|10|0.97| 20.9|0.47 |.060| 18.0| 32
1846+0051 |A|18 46 43.821  |.02000|+00 51 39.0  |  .700| 33.16  1.44|11|1.02| 16.9|0.34 |.090| 28.2| 60
1847-0130 | |18 47 35.21   |.09000|-01 30 46.   | 3.000| 31.15  0.17| 3|0.41| 15.6|0.33 |.040|205.0|  -
1847-0443 | |18 47 51.85   |.03000|-04 43 36.2  |  .800| 28.32 -1.36| 7|0.62| 11.1|0.16 |.030|  9.0|  -
1848-0023 |A|18 48 37.89   |.09000|-00 23 17.   | 4.000| 32.27  0.45| 7|1.23| 13.1|0.6  |.300| 17.7| 38
1848-0055 | |18 48 45.50   |.19000|-00 55 53.   | 4.000| 31.80  0.17| 6|0.65|  9.5|0.19 |.030| 27.9|  -
1848-0511 | |18 48 15.01   |.14000|-05 11 38.   | 5.000| 27.95 -1.66| 8|0.25| 21.4|0.40 |.050| 99.0|  -
1849-0040 |A|18 49 10.25   |.08000|-00 40 20.   | 6.000| 32.08  0.20|11|0.34| 10.9|0.20 |.030| 64.6|  -
1849-0614 | |18 49 45.157  |.01900|-06 14 31.5  |  .800| 27.18 -2.47| 3|1.18| 36.8|0.59 |.070| 14.0| 32
1850-0031 | |18 50 33.39   |.09000|-00 31 09.   | 4.000| 32.37 -0.04|11|0.93|  9.3|0.23 |.030| 32.0|  -
1851+0118 | |18 51 52.18   |.13000|+01 18 59.   | 5.000| 34.15  0.50| 1|0.95| 10.9|0.10 |.020| 24.0|  -
1851-0053 |A|18 51 03.17   |.08000|-00 53 07.3  | 1.900| 32.10 -0.32| 5|1.24| 35.9|1.00 |.110| 19.0|  -
1851-0241 | |18 51 15.26   |.10000|-02 41 31.   | 3.000| 30.51 -1.19| 4|0.56| 10.9|0.20 |.030| 35.0|  -
1852+0008 |A|18 52 42.78   |.03000|+00 08 09.6  |  .800| 33.20 -0.22| 5|0.58| 15.8|0.31 |.040| 16.0|  -
1852+0013 |A|18 52 41.779  |.02000|+00 13 57.1  | 1.200| 33.28 -0.17| 5|0.22| 14.8|0.30 |.040| 19.0|  -
1852-0118 | |18 52 17.15   |.03000|-01 18 14.8  | 1.700| 31.87 -0.78| 6|0.98| 22.1|0.35 |.040| 24.0|  -
1852-0127 | |18 52 03.60   |.04000|-01 27 23.4  | 1.400| 31.71 -0.80| 6|0.34| 36.1|0.58 |.070| 18.0|  -
1852-0635 | |18 52 57.38   |.14000|-06 35 57.   | 8.000| 27.22 -3.34|12|0.86|160.4|5.9  |.600| 90.0|  -
1853+0011 |A|18 53 29.968  |.01400|+00 11 29.7  |  .500| 33.34 -0.37| 6|0.34|  8.3|0.30 |.080| 11.8| 21
1853+0505 | |18 53 04.36   |.07000|+05 05 26.1  | 1.800| 37.65  1.96| 9|1.03| 67.4|1.50 |.160| 92.0|195
1853-0004 |A|18 53 23.018  |.00600|-00 04 32.3  |  .400| 33.09 -0.47| 3|0.76| 22.5|0.87 |.100|  2.2|  6
1855+0307 |A|18 55 26.63   |.03000|+03 07 20.2  |  .900| 36.17  0.53| 4|0.94| 31.1|0.97 |.110| 12.0|  -
1855+0700 | |18 55 17.72   |.04000|+07 00 37.1  |  .900| 39.61  2.34| 4|0.95| 11.0|0.10 |.020|  5.4|  -
1856+0102 |A|18 56 28.503  |.01300|+01 02 10.6  |  .500| 34.43 -0.65| 3|0.54| 11.4|0.38 |.110| 16.8| 28
1857+0143 |A|18 57 33.008  |.01500|+01 43 47.0  |  .900| 35.17 -0.57| 4|0.41| 29.9|0.74 |.180| 15.7| 43
1857+0809 | |18 57 09.31   |.03000|+08 09 04.3  |  .800| 40.84  2.45|12|0.23| 14.4|0.14 |.020| 12.0|  -
1858+0241 | |18 58 53.81   |.14000|+02 41 38.   | 6.000| 36.18 -0.43| 6|0.09| 11.9|0.10 |.020| 80.0|  -
1859+0601 |A|18 59 45.76   |.05000|+06 01 46.1  | 1.800| 39.25  0.90| 6|0.83| 12.1|0.30 |.040| 24.3|  -
1900+0634 |A|19 00 28.034  |.02000|+06 34 20.9  |  .600| 39.81  1.00|12|0.54| 11.7|0.24 |.090| 11.1| 20
1900-0051 |J|19 00 46.644  |.00700|-00 51 08.4  |  .500| 33.24 -2.47| 5|1.00| 30.1|0.45 |.060|  5.6| 17
1901+0124 |A|19 01 52.545  |.01400|+01 24 49.3  |  .800| 35.38 -1.68|12|1.06| 13.2|0.30 |.040|  8.3|  -
1901+0254 | |19 01 15.67   |.07000|+02 54 41.   | 5.000| 36.64 -0.86|11|0.74| 42.8|0.58 |.070| 70.0|  -
1901+0320 |A|19 01 03.01   |.09000|+03 20 18.   | 4.000| 37.00 -0.61| 8|0.42| 10.4|0.89 |.100| 47.2|  -
1901+0355 | |19 01 30.81   |.04000|+03 55 58.9  |  .900| 37.58 -0.44| 1|0.33| 15.9|0.15 |.030| 12.0|  -
1901+0510 |A|19 01 57.85   |.11000|+05 10 34.   | 4.000| 38.74  0.03|10|1.51|  8.6|0.66 |.080| 56.9|  -
1901-0312 | |19 01 15.675  |.01800|-03 12 29.5  |  .900| 31.19 -3.65| 7|0.74| 16.3|0.23 |.030|  7.9|  -
1902+0248 | |19 02 50.26   |.07000|+02 48 56.   | 3.000| 36.74 -1.25| 5|1.24| 11.7|0.17 |.030| 35.4|  -
1902-0340 | |19 02 50.70   |.19000|-03 40 18.   | 4.000| 30.96 -4.21| 6|0.48| 16.5|0.22 |.030| 25.0|  -
1903+0601 |J|19 03 20.874  |.01600|+06 01 34.0  |  .600| 39.65  0.11|11|1.03| 12.7|0.26 |.040| 12.0|  -
1905+0400 | |19 05 28.2736 |.00030|+04 00 10.922|  .013| 38.09 -1.29| 4|1.10| 26.5|0.050|.010|  0.6|  -
1905+0600 | |19 05 04.35   |.05000|+06 00 59.9  | 1.400| 39.84 -0.28| 8|0.83| 17.4|0.42 |.050| 13.0|  -
1906+0649 |A|19 06 11.97   |.03000|+06 49 48.1  | 1.000| 40.69 -0.15|11|0.25| 36.4|0.30 |.040| 37.0|  -
1907+0249 |A|19 07 42.03   |.04000|+02 49 41.   | 3.000| 37.31 -2.32|11|1.03| 10.7|0.46 |.120| 21.7| 32
1907+0345 | |19 07 14.543  |.01900|+03 45 10.6  |  .400| 38.08 -1.80| 1|0.62| 13.3|0.17 |.030|  6.3|  -
1907+0731 | |19 07 54.79   |.03000|+07 31 21.9  |  .500| 41.50 -0.21| 7|1.21| 20.9|0.35 |.040| 11.0|  -
1907+0918 | |19 07 22.441  |.00400|+09 18 30.76 |  .040| 43.02  0.73| 3|0.97| 12.8|0.29 |.040|  4.4|  -
1910+0225 |A|19 10 10.359  |.01700|+02 25 23.6  |  .500| 37.23 -3.06| 7|0.25| 39.2|0.6  |.200| 16.4| 29
1910+0728 | |19 10 22.079  |.00600|+07 28 37.09 |  .150| 41.74 -0.77|11|0.52| 78.2|0.87 |.100| 15.0| 22
1913+1000 | |19 13 03.59   |.05000|+10 00 02.4  | 1.400| 44.29 -0.19| 2|0.48| 42.5|0.53 |.060| 32.0| 52
1914+0631 |A|19 14 17.24   |.04000|+06 31 56.3  | 1.000| 41.35 -2.07|11|0.83| 15.6|0.26 |.100| 12.6| 27
1915+0838 |J|19 15 13.87   |.03000|+08 38 59.7  | 1.300| 43.34 -1.30|13|1.17| 13.5|0.29 |.040| 14.0|  -
1916+0844 |J|19 16 19.081  |.00900|+08 44 07.0  |  .400| 43.54 -1.49|10|1.03| 30.1|0.44 |.050|  8.3| 19
1916+0852 | |19 16 24.6    |.30000|+08 52 36.   | 5.000| 43.67 -1.45| 4|0.75| 16.4|0.13 |.020| 48.0|  -
1916+1023 |A|19 16 36.91   |.15000|+10 23 03.   | 6.000| 45.03 -0.79| 4|0.20| 29.7|0.36 |.050| 72.0|  -
1920+1040 |A|19 20 55.38   |.08000|+10 40 31.   | 3.000| 45.78 -1.59|11|0.39| 47.8|0.57 |.070| 45.0|  -
1937+1505 |J|19 37 16.31   |.14000|+15 05 19.   | 4.000| 51.57 -2.98| 8|0.76| 11.3|0.13 |.020| 46.0|  -
-------------------------------------------------------------------------------------------------------
