  Pulsar      Pulsar    R.A. (J2000)     Dec. (J2000)   Period            pÞ          DM         Epoch    rms    A
  PSR J       PSR B       h m s            o I I1       (ms)             (x10-l5      (cm"3pc)   (MJD2    (ms)
  1012-5857   1011-58   10 12 48.5(3)   -58 57 40(2)    819.9114962(3)   17.690(10)   383.9(1)   48016.2  21.4  +0.25
  1038-5831   1036-58   10 38 19.70(1)  -58 31 27.18(8) 661.992094032(11)1.2512(3)    72.74(3)   47910.6  0.7   -1.3
  1048-5832   1046-58   10 48 13.1(2)   -58 32 13(1)    123.65260727(2)  95.9265(8)   129.1(2)   48658.0   2.7   -0.65
  1110-5637   1107-56   11 10 00.40(2)  -56 37 32.9(2)  558.252726401(7) 2.0640(5)    262.56(6)  48338.5  1.6   -0.88
  1114-6100   1112-60   11 14 22.52(2)  -61 00 34.2(1)  880.81962549(2)  46.0876(6)   676(2)     47910.6  0.8   -1.2
  1126-6054   1125-60   11 26 52.608(11)-60 54 39.96(7) 202.736911853(3) 0.28128(8)   280.27(3)  47909.9   0.7    -1.3
  1133-6250   1131-62   11 33 51.45(7)  -62 50 50.6(4)  1022.87514082(9) 0.452(2)     567.8(5)   47910.6  3.7   -0.52
  1306-6617   1303-66   13 06 38.19(4)  -66 17 21.8(2)  473.026470689(7) 5.9745(5)    436.9(2)   48394.5  1.6   -0.88
  1319-6056   1316-60   13 19 20.29(2)  -60 56 46.7(1)  284.351393041(6) 1.5263(2)    400.94(4)  47910.8  0.8   -1.2
  1327-6301   1323-627  13 27 07.47(2)  -63 01 15.39(1) 196.478664183(3) 1.52962(7)   294.91(3)  47910.8   0.6    -1.3
  1338-6204   1334-61   13 38 09.35(5)  -62 04 18.7(4)  1238.98957650(4) 13.854(2)    638(3)     48375.5  2.8   -0.65
  1413-6307   1409-62   14 13 31.316(8) -63 07 35.45(7) 394.945790784(2) 7.4343(2)    121.98(6)  48375.5  0.4   -1.5
  1512-5759   1508-57   15 12 43.026(11)-57 59 59.8(2)  128.694148448(2) 6.85121(6)   628.7(2)   47911.7   0.7    -1.2
  1522-5829   1518-58   15 22 42.27(2)  -58 29 02.7(2)  395.352859901(3) 2.0035(2)    199.9(2)   48360.0  0.9   -1.1
  1534-5405   1530-539  15 34 33.59(3)  -54 05 39.7(5)  289.688895200(6) 1.5429(4)    190.82(2)  48360.6  1.9   -0.81
  1539-5626   1535-56   15 39 13.96(2)  -56 26 25.4(4)  243.39220040(2)  4.8493(7)    176.5(2)   48376.0  1.0   -1.1
  1611-5209   1607-52   16 11 03.20(3)  -52 09 23.6(7)  182.491659288(4) 5.1658(3)    128.2(5)   48360.5  3.1    -0.59
  1614-5047   1610-50   16 14 10.89(2)  -50 47 24.7(5)  231.59135752(2)  492.3210(8)  586(5)     48658.0  10.5  -0.058
  1615-5537   1611-55   16 15 40.43(3)  -55 37 00.5(3)  791.52571562(2)  1.9993(8)    124.48(8)  48414.5  1.6   -0.91
  1630-4733   1627-47   16 30 37.47(4)  -47 33 05.0(8)  575.97141155(2)  22.287(2)    498(5)     48414.0  3.2    -0.58
  1633-5015   1629-50   16 33 00.103(6) -50 15 08.1(2)  352.142380018(3) 3.7877(2)    398.41(8)  48360.6  0.5   -1.4
  1633-4453   1630-44   16 33 47.048(6) -44 53 07.8(2)  436.50669715(4j  6.2026(2)    475.4(1.2) 48360.6  0.5   -1.4
  1637-4553   1634-45   16 37 58.710(7) -45 53 27.3(3)  118.7713928329(5)3.18790(5)   193.23(7)  48360.6   0.6    -1.3
  1639-4604   1635-45   16 39 21.201(11)-46 04 33.1(4)  264.557925602(4) 2.8879(2)    259(2)     48360.7  1.0   -1.1
  1640-4715   1636-47   16 40 13.19(3)  -47 15 35.3(8)  517.40483467(2)  42.0266(8)   592(5)     48360.7  2.8   -0.64
  1646-4346   1643-43   16 46 51.3(3)   -43 46 38(5)    231.60332930(9)  112.753(4)   490(5)     48657.8  7.2   -0.22
  1653-3838   1650-38   16 53 39.798(11)-38 38 20.8(5)  305.037318882(3) 2.7860(2)    207.2(2)   48360.5   0.9    -0.82
  1701-4533   1657-45   17 01 29.154(6) -45 33 48.7(3)  322.908566781(3) 0.5193(2)    526(2)     48360.7  0.5    -1.4
  1701-3726   1658-37   17 01 18.54(3)  -37 26 25(3)    2454.6091591(2)  11.143(7)    303.4(5)   48360.7  2.6   -0.69
  1707-4053   1703-40   17 07 21.744(6) -40 53 55.3(3)  581.016153878(4) 1.9195(2)    360.0(2)   48360.8  0.6    -1.4
  1709-4428   1706-44   17 09 42.17(8)  -44 28 57(3)    102.449749380(3) 93.0400(2)   75.69(5)   48861.3  7.9    -0.18
  1717-3425   1714-34   17 17 20.15(4)  -34 25 05(2)    656.29765699(2)  9.793(2)     586.3(4)   48394.7  1.7    -0.85
  1719-4006   1715-40   17 19 01.722(10)-40 06 59.5(4)  189.094492501(2) 1.6676(2)    386.6(2)   48378.6   0.9    -1.1
  1721-3532   1718-35   17 21 32.80(2)  -35 32 46.6(9)  280.417341941(7) 25.1948(3)   496(4)     48378.6  1.4    -0.93
  1722-3632   1718-36   17 22 09.817(8) -36 32 53.3(5)  399.183351758(4) 4.4647(3)    416.2(2)   48378.6  0.9    -1.2
  1730-3350   1727-33   17 30 32.62(4)  -33 50 43(3)    139.447320624(11)85.0076(8)   256.5(5)   48441.0   0.7    -1.2
  1733-3716   1730-37   17 33 26.754(5) -37 16 54.6(3)  337.585823180(3) 15.0465(2)   155.1(1.1) 48378.6   0.5    -1.4
  1737-3555   1734-35   17 37 40.039(6) -35 55 43.8(4)  397.584746441(3) 6.1214(2)    89.41(4)   48378.6  0.7    -1.2
  1743-3150   1740-31   17 43 36.71(2)  -31 50 20(2)    2414.55608710(5) 120.789(4)   191.7(3)   48378.6  2.1    -0.81
  1749-3002   1746-30   17 49 13.48(2)  -30 02 34(3)    609.87235659(3)  7.871(2)     510.2(3)   48378.7  2.1    -0.77
  1750-3157   1747-31   17 50 47.29(3)  -31 57 41(3)    910.36295201(3)  0.197(2)     207.5(4)   48378.8  2.9    -0.63
  1801-2920   1758-29   18 01 46.83(3)  -29 20 37(3)    1081.90785650(5) 3.292(4)     126.2(2)   48376.8  2.8    -0.64
  1820-1818   1817-18   18 20 39.088(12)-18 18 03(22)   309.904577999(4) 0.0941(3)    436.8(2)   48376.7  1.4   -0.94
  1803-2712   1800-27   14 03 31.56(6)  -27 12 06(4)    334.415423939(4) 0.0173(3)    406.781(2) 48522.5 
