# psr_name pos_epoch ecl_lon ecl_lon_err ecl_lat ecl_lat_err pm_ecl_lon pm_ecl_lon_err pm_ecl_lat pm_ecl_lat_err plx plx_err
# None MJD deg deg deg deg mas/yr mas/yr mas/yr mas/yr mas mas
B1855+09      55637.0000  286.8634874793671  0.0000000097645   32.3214851802257  0.0000000156254     -3.2668  0.0073   -5.0616  0.0143    0.7206  0.1114
B1937+21      55599.0000  301.9732445260983  0.0000000049964   42.2967522521176  0.0000000054046     -0.0180  0.0037   -0.3965  0.0054    0.3260  0.0461
B1953+29      56833.0000  309.6913443373238  0.0000000412838   48.6845449151483  0.0000000392285     -2.1287  0.0559   -3.5382  0.0776   -0.1307  0.8248
J0023+0923    56860.0000    9.0703906468955  0.0000000073869    6.3091083238823  0.0000000699685    -13.8418  0.0183   -0.5472  0.1663    0.5561  0.1233
J0030+0451    55664.0000    8.9103535640130  0.0000000072676    1.4456973892676  0.0000003129338     -5.5168  0.0055    3.0880  0.2506    3.1205  0.0570
J0340+4130    56947.0000   62.6140615602358  0.0000000244506   21.3344728926598  0.0000000588883     -1.3176  0.0501   -3.1827  0.1256    0.9930  0.3442
J0613-0200    55685.0000   93.7990080501261  0.0000000092385  -25.4071389598232  0.0000000206254      2.1250  0.0089  -10.2657  0.0221    0.8785  0.1164
J0636+5128    57277.0000   96.3631475160809  0.0000000123229   28.2430989853978  0.0000000254381      3.2883  0.0374   -1.4890  0.1012    1.2928  0.2239
J0645+5158    56809.0000   98.0585475804171  0.0000000117951   28.8526405535104  0.0000000175096      2.2066  0.0187   -7.2572  0.0397    0.8179  0.1597
J0740+6620    57277.0000  103.7591368654994  0.0000000203655   44.1024914360001  0.0000000177967     -2.7927  0.0573  -32.5106  0.0640    0.8944  0.3676
J0931-1902    57136.0000  152.3769661711582  0.0000000297831  -31.7767242302658  0.0000000440187     -0.7149  0.0712   -4.9310  0.1236    0.8443  0.5204
J1012+5307    55566.0000  133.3611010988267  0.0000000317476   38.7553101844334  0.0000000423057     13.9684  0.0250  -21.5547  0.0423    1.1264  0.4864
J1024-0719    56520.0000  160.7343480304854  0.0000000117999  -16.0447399406923  0.0000000512043    -14.4007  0.0213  -57.9182  0.0824    0.8810  0.2035
J1125+7819    57277.0000  115.6293033030461  0.0000000897308   62.4520349777175  0.0000000542201     16.0571  0.1466   21.9841  0.1967   -2.5392  3.2259
J1453+1902    57206.0000  214.2087118116376  0.0000000700374   33.9046145885954  0.0000000988680      4.4168  0.2026   -9.6968  0.3489   -0.6385  0.9049
J1455-3330    55569.0000  231.3475370691213  0.0000000344576  -16.0447984859797  0.0000001212017      8.1253  0.0408    0.3871  0.1165    0.3634  0.3405
J1600-3053    56161.0000  244.3476779364797  0.0000000060073  -10.0718405139381  0.0000000353977      0.4590  0.0092   -7.0694  0.0541    0.5203  0.0830
J1614-2230    56323.0000  245.7882952623377  0.0000000057221   -1.2568107717675  0.0000003131992      9.4894  0.0099  -31.0750  0.5064    1.5859  0.0941
J1640+2224    55675.0000  243.9890916900277  0.0000000130976   44.0585143597456  0.0000000142755      4.1912  0.0075  -10.7277  0.0112    0.6616  0.2589
J1643-1224    55607.0000  251.0872213775038  0.0000000906696    9.7783322347917  0.0000005545943      5.3570  0.0947    4.5189  0.5676    0.4137  1.0240
J1713+0747    55662.0000  256.6686965006321  0.0000000022750   30.7003597866057  0.0000000041932      5.2683  0.0018   -3.4451  0.0038    0.8260  0.0226
J1738+0333    56525.0000  264.0949133530690  0.0000000169451   26.8842385313171  0.0000000347559      6.9357  0.0309    5.3179  0.0570    0.4329  0.2134
J1741+1351    56833.0000  264.3646727946700  0.0000000072652   37.2111950488104  0.0000000075593     -8.6575  0.0123   -7.8022  0.0181    0.4586  0.1055
J1744-1134    55569.0000  266.1194055281077  0.0000000120150   11.8051993311164  0.0000000622967     19.0397  0.0125   -8.8543  0.0641    2.3647  0.1179
J1747-4036    56952.0000  267.5791334753943  0.0000000519527  -17.2015406684709  0.0000001631703     -1.3049  0.1321   -2.6621  0.4166   -0.2557  0.6156
J1832-0836    57138.0000  278.2920050584272  0.0000000089480   14.5907155611713  0.0000000344879     -9.2202  0.0246  -20.9338  0.1002    0.4926  0.1205
J1853+1303    56836.0000  286.2573049731898  0.0000000127088   35.7433503592202  0.0000000174742     -1.9325  0.0233   -2.7018  0.0410    0.4748  0.1403
J1903+0327    56525.0000  287.5625778818421  0.0000000687851   25.9379839988041  0.0000001558348     -3.6827  0.1114   -5.4053  0.2746    1.0542  0.6239
J1909-3744    55610.0000  284.2208514860055  0.0000000021786  -15.1555198551547  0.0000000093083    -13.8616  0.0021  -34.3234  0.0092    0.8969  0.0194
J1910+1256    56398.0000  291.0414139370667  0.0000000202390   35.1072203583952  0.0000000285182     -0.7895  0.0267   -7.0812  0.0449   -0.1040  0.2898
J1911+1347    57206.0000  291.7169254644485  0.0000000063467   35.8864308980331  0.0000000085538     -3.4705  0.0177   -3.2098  0.0287    0.1637  0.0987
J1918-0642    55607.0000  290.3146357683431  0.0000000089083   15.3510607747974  0.0000000360544     -7.9158  0.0105   -4.9052  0.0404    0.9145  0.1152
J1923+2515    56859.0000  297.9809479714193  0.0000000121183   46.6961988047529  0.0000000164917     -9.7355  0.0174  -12.5234  0.0356    0.9855  0.2562
J1944+0907    56209.0000  299.9954509423369  0.0000000233096   29.8910261541312  0.0000000476059      9.1550  0.0275  -24.9516  0.0603    0.6800  0.2127
J1946+3417    57449.0000  309.1988367183026  0.0000000436561   54.1655714719453  0.0000000354647     -5.8923  0.1276    6.8433  0.1713    0.2653  1.0335
J2010-1323    56511.0000  301.9244880270487  0.0000000072428    6.4909456895819  0.0000000750208      1.2306  0.0120   -6.2731  0.1399    0.3753  0.1245
J2017+0603    56952.0000  308.2611812381663  0.0000000111979   25.0444942863112  0.0000000241907      2.1749  0.0223   -0.3281  0.0642    0.3444  0.1970
J2033+1734    57212.0000  316.2900903244118  0.0000000315220   35.0628470372449  0.0000000474816     -8.4764  0.0937   -7.4556  0.1530    0.7233  0.5569
J2043+1711    56861.0000  318.8684824341391  0.0000000046683   33.9643211748902  0.0000000075140     -8.8171  0.0083   -8.5079  0.0163    0.6955  0.0583
J2145-0750    55597.0000  326.0246148270730  0.0000000292074    5.3130535979441  0.0000003295727    -12.0007  0.0295   -4.7567  0.3308    1.2484  0.2567
J2214+3000    56920.0000  348.8091476388055  0.0000000380326   37.7131474183185  0.0000000444302     17.8232  0.0722  -11.0914  0.1288    2.2238  0.6144
J2229+2643    57212.0000  350.6956376949856  0.0000000135427   33.2901736401404  0.0000000201529     -4.2392  0.0327   -4.3562  0.0755    0.1831  0.2333
J2234+0611    57291.0000  342.6052385016175  0.0000000072297   14.0794333783278  0.0000000315233     27.0839  0.0244   -0.6003  0.1290    0.4962  0.1340
J2234+0944    57186.0000  344.1190196123384  0.0000000175510   17.3185820753336  0.0000000630425     -6.0725  0.0496  -32.3561  0.2099    1.4182  0.2686
J2302+4442    56947.0000    9.7804368474092  0.0000000417023   45.6654339062579  0.0000000427053     -3.0441  0.0648   -4.9788  0.1035   -0.1643  0.8281
J2317+1439    55644.0000  356.1294056285425  0.0000000113434   17.6802325296061  0.0000000356302      0.2201  0.0081    3.6829  0.0284    0.5879  0.0773
J2322+2057    57511.0000    0.1359568636162  0.0000000211788   22.8783662166075  0.0000000414765    -22.8249  0.0785   -6.0373  0.1642    0.9866  0.2391
