# psr_name pos_epoch ecl_lon ecl_lon_err ecl_lat ecl_lat_err pm_ecl_lon pm_ecl_lon_err pm_ecl_lat pm_ecl_lat_err plx plx_err
# None MJD deg deg deg deg mas/yr mas/yr mas/yr mas/yr mas mas
B1855+09      55637.0000  286.8634874759636  0.0000000120871   32.3214851773070  0.0000000190648     -3.2685  0.0092   -5.0604  0.0176    0.7149  0.1217
B1937+21      55599.0000  301.9732445257902  0.0000000054618   42.2967522555839  0.0000000058937     -0.0184  0.0041   -0.4007  0.0060    0.2819  0.0509
B1953+29      56833.0000  309.6913443309572  0.0000000300618   48.6845449305749  0.0000000290497     -2.1167  0.0407   -3.5899  0.0569   -0.1349  0.6014
J0023+0923    56845.0000    9.0703908153329  0.0000000073590    6.3091083414337  0.0000000668539    -13.8600  0.0177   -0.7034  0.1657    0.5478  0.1237
J0030+0451    55664.0000    8.9103535628159  0.0000000075515    1.4456973865707  0.0000003246443     -5.5137  0.0057    3.1669  0.2601    3.0898  0.0589
J0340+4130    56947.0000   62.6140615516064  0.0000000285687   21.3344728901678  0.0000000690399     -1.3410  0.0588   -3.1578  0.1482    0.6482  0.4056
J0613-0200    55685.0000   93.7990080515790  0.0000000101655  -25.4071389571595  0.0000000233394      2.1312  0.0099  -10.2746  0.0245    0.9022  0.1133
J0636+5128    57277.0000   96.3631475179675  0.0000000130851   28.2430989988202  0.0000000273828      3.3251  0.0398   -1.4393  0.1071    1.3752  0.2346
J0645+5158    56809.0000   98.0585475820478  0.0000000115770   28.8526405436770  0.0000000170519      2.2162  0.0181   -7.2953  0.0420    0.8185  0.1619
J0740+6620    57277.0000  103.7591368502319  0.0000000234407   44.1024914446094  0.0000000214499     -2.7825  0.0654  -32.5346  0.0788    0.8037  0.4382
J0931-1902    57136.0000  152.3769661768872  0.0000000352027  -31.7767242314277  0.0000000519061     -0.6797  0.0838   -4.9243  0.1445    0.6516  0.6133
J1012+5307    55566.0000  133.3611011023640  0.0000000255743   38.7553101712554  0.0000000336060     13.9714  0.0202  -21.5371  0.0333    1.1339  0.3540
J1024-0719    56520.0000  160.7343480544531  0.0000000127132  -16.0447399346623  0.0000000543226    -14.4072  0.0228  -57.8977  0.0871    0.9976  0.2161
J1125+7819    57277.0000  115.6293034118689  0.0000000916708   62.4520349586469  0.0000000556579     16.1354  0.1486   22.1694  0.1990   -0.7137  3.4131
J1453+1902    57206.0000  214.2087117481661  0.0000000614362   33.9046146023183  0.0000000896564      4.5903  0.1699   -9.9202  0.3561   -1.1107  0.8690
J1455-3330    55569.0000  231.3475370557934  0.0000000382797  -16.0447984569599  0.0000001381490      8.1426  0.0451    0.3676  0.1322    0.1362  0.4010
J1600-3053    56161.0000  244.3476779379172  0.0000000059229  -10.0718405153085  0.0000000342054      0.4642  0.0091   -7.0648  0.0535    0.5086  0.0810
J1614-2230    56323.0000  245.7882952639296  0.0000000061086   -1.2568106680104  0.0000003307441      9.4882  0.0109  -30.9584  0.5465    1.5431  0.0989
J1640+2224    55675.0000  243.9890917679506  0.0000000137177   44.0585143641769  0.0000000149415      4.1910  0.0078  -10.7320  0.0117    0.7634  0.2733
J1643-1224    55607.0000  251.0872213840480  0.0000000625006    9.7783322351703  0.0000003886544      5.3861  0.0632    4.5108  0.3951    0.4603  0.6902
J1713+0747    55662.0000  256.6686965006202  0.0000000024157   30.7003597840384  0.0000000044295      5.2684  0.0020   -3.4446  0.0041    0.8322  0.0247
J1738+0333    56525.0000  264.0949133692587  0.0000000179414   26.8842385109798  0.0000000351954      6.9077  0.0334    5.3581  0.0573    0.4222  0.2199
J1741+1351    56833.0000  264.3646727943007  0.0000000074192   37.2111950465900  0.0000000078340     -8.6591  0.0128   -7.7941  0.0187    0.4228  0.1113
J1744-1134    55569.0000  266.1194055222723  0.0000000102457   11.8051993479459  0.0000000537010     19.0467  0.0108   -8.8630  0.0561    2.3799  0.0988
J1747-4036    56952.0000  267.5791334843192  0.0000000585574  -17.2015407787994  0.0000001835687     -1.3634  0.1456   -2.2700  0.4587    0.1014  0.6377
J1832-0836    57138.0000  278.2920050570580  0.0000000095787   14.5907155679871  0.0000000372331     -9.2209  0.0265  -20.9575  0.1127    0.4757  0.1304
J1853+1303    56823.0000  286.2573049988757  0.0000000135206   35.7433503867768  0.0000000186300     -1.9402  0.0247   -2.6994  0.0436    0.4808  0.1452
J1903+0327    56525.0000  287.5625778700322  0.0000000842763   25.9379839591112  0.0000001917235     -3.6223  0.1375   -5.1180  0.3340    1.5722  0.8758
J1909-3744    55610.0000  284.2208514864897  0.0000000022075  -15.1555198547188  0.0000000095476    -13.8617  0.0022  -34.3223  0.0094    0.8843  0.0198
J1910+1256    56398.0000  291.0414139324230  0.0000000194722   35.1072203660237  0.0000000272433     -0.7936  0.0260   -7.0959  0.0429   -0.1759  0.2670
J1911+1347    57206.0000  291.7169254691869  0.0000000065331   35.8864309010973  0.0000000088057     -3.4719  0.0182   -3.2194  0.0295    0.1811  0.1009
J1918-0642    55607.0000  290.3146357692897  0.0000000088137   15.3510607639572  0.0000000358302     -7.9174  0.0102   -4.9002  0.0400    0.8525  0.1115
J1923+2515    56859.0000  297.9809479607956  0.0000000153493   46.6961988065526  0.0000000184701     -9.7218  0.0231  -12.5415  0.0402    0.8460  0.2971
J1944+0907    56209.0000  299.9954509343636  0.0000000219329   29.8910261451243  0.0000000405100      9.1655  0.0265  -24.9492  0.0539    0.5666  0.2106
J1946+3417    57449.0000  309.1988367076006  0.0000000397278   54.1655714725582  0.0000000319558     -5.9229  0.1159    6.7037  0.1559   -0.3279  0.9488
J2010-1323    56511.0000  301.9244880261443  0.0000000069253    6.4909456866262  0.0000000717940      1.2279  0.0114   -6.2739  0.1342    0.4083  0.1193
J2017+0603    56952.0000  308.2611812286156  0.0000000119769   25.0444942927609  0.0000000269739      2.1754  0.0251   -0.3366  0.0725    0.2795  0.2171
J2033+1734    57212.0000  316.2900903144330  0.0000000315893   35.0628470499361  0.0000000477095     -8.4582  0.0949   -7.4997  0.1536    0.9909  0.5585
J2043+1711    56846.0000  318.8684825545317  0.0000000050969   33.9643212709310  0.0000000079325     -8.8148  0.0090   -8.5060  0.0170    0.7215  0.0625
J2145-0750    55597.0000  326.0246148221227  0.0000000250494    5.3130536066555  0.0000002769965    -11.9943  0.0255   -4.7115  0.2752    1.2392  0.2026
J2214+3000    56885.0000  348.8091469782522  0.0000000341196   37.7131476682000  0.0000000390263     17.8025  0.0642  -11.1580  0.1132    1.6977  0.5447
J2229+2643    57212.0000  350.6956376982205  0.0000000146164   33.2901736373882  0.0000000217686     -4.2319  0.0348   -4.3362  0.0805    0.2185  0.2497
J2234+0611    57291.0000  342.6052384930758  0.0000000053676   14.0794332936537  0.0000000248284     27.1080  0.0174   -0.6613  0.1019    0.8384  0.1021
J2234+0944    57186.0000  344.1190196268665  0.0000000144976   17.3185820230032  0.0000000551017     -6.0182  0.0414  -32.2863  0.1813    0.6946  0.2372
J2302+4442    56947.0000    9.7804368283611  0.0000000419561   45.6654339076278  0.0000000425304     -3.0480  0.0650   -4.9407  0.1034    0.4441  0.8308
J2317+1439    55644.0000  356.1294056227684  0.0000000106670   17.6802325253659  0.0000000336891      0.2237  0.0077    3.6822  0.0270    0.5959  0.0786
J2322+2057    57501.0000    0.1359570535021  0.0000000228064   22.8783662696495  0.0000000430681    -22.8367  0.0836   -5.9326  0.1695    0.9756  0.2578
