# psr_name pos_epoch eph ra dec pmra pmdec plx ra_err dec_err pmra_err pmdec_err plx_err
# None MJD None deg deg mas/yr mas/yr mas mas mas mas/yr mas/yr mas
J0608+1635    57584.0000  DE436      92.2152597909      16.5859459278       0.000       0.000       0.000      65.33899205     358.72190000      0.000000      0.000000      0.000000
J1843+0119    58575.0000  DE436     280.8495981259       1.3241899125       0.000       0.000       0.000     441.51295884     756.76040000      0.000000      0.000000      0.000000
J1849+0106    57016.0000  DE436     282.4808492569       1.1062683479       0.000       0.000       0.000     111.65688393     199.28660000      0.000000      0.000000      0.000000
J1849+0430    58073.0000  DE436     282.4185106272       4.5102157742       0.000       0.000       0.000     292.21838482     550.06530000      0.000000      0.000000      0.000000
J1851+0241    56240.0000  DE436     282.8347657913       2.6888914580       0.000       0.000       0.000     442.15424683     889.46950000      0.000000      0.000000      0.000000
J1852-0000    58205.0000  DE436     283.1673624681      -0.0070791476       0.000       0.000       0.000     127.97834902     308.54630000      0.000000      0.000000      0.000000
J1853+0029    57826.0000  DE436     283.3239383036       0.4899494463       0.000       0.000       0.000     250.41809399     700.94270000      0.000000      0.000000      0.000000
J1853+0259    57093.0000  DE436     283.3124140925       2.9966511890       0.000       0.000       0.000     120.35060627     306.03280000      0.000000      0.000000      0.000000
J1853+0427    57890.0000  DE436     283.4458628869       4.4614511594       0.000       0.000       0.000     198.61838641     479.15930000      0.000000      0.000000      0.000000
J1854+0050    56854.0000  DE436     283.6811395202       0.8382717852       0.000       0.000       0.000     346.83667571     622.62430000      0.000000      0.000000      0.000000
J1855+0306    57548.0000  DE436     283.9095902015       3.1063004706       0.000       0.000       0.000     371.05066957     726.10650000      0.000000      0.000000      0.000000
J1855+0626    58375.0000  DE436     283.8531666667       6.4480916667       0.000       0.000       0.000       0.00000000       0.00000000      0.000000      0.000000      0.000000
J1856+0912    58135.0000  DE436     284.1391654679       9.2082550370       0.000       0.000       0.000     150.53407500     318.42390000      0.000000      0.000000      0.000000
J1858+0239    56441.0000  DE436     284.5762916667       2.6645555556       0.000       0.000       0.000   14983.78237387    1000.00000000      0.000000      0.000000      0.000000
J1859+0345    57354.0000  DE436     284.8029671953       3.7656988797       0.000       0.000       0.000     370.21316755     964.04770000      0.000000      0.000000      0.000000
J1902+0235    56835.0000  DE436     285.6294231250       2.5874292107       0.000       0.000       0.000      57.26211161     107.87850000      0.000000      0.000000      0.000000
J1902+1141    58377.0000  DE436     285.5091690951      11.6848622662       0.000       0.000       0.000      79.72842085      93.47990000      0.000000      0.000000      0.000000
J1903+0415    57450.0000  DE436     285.8680060172       4.2521071428       0.000       0.000       0.000     258.65288224     612.36300000      0.000000      0.000000      0.000000
J1903+0912    57605.0000  DE436     285.9254201302       9.2115792963       0.000       0.000       0.000      75.71866982     164.49440000      0.000000      0.000000      0.000000
J1904+0056    58677.0000  DE436     286.0294305972       0.9497404771       0.000       0.000       0.000     499.19846051    1283.19210000      0.000000      0.000000      0.000000
J1905+1034    57737.0000  DE436     286.3359388172      10.5743519747       0.000       0.000       0.000     199.66458666     403.43360000      0.000000      0.000000      0.000000
J1906+0724    57080.0000  DE436     286.5940711485       7.4063348563       0.000       0.000       0.000     266.56035403     632.42440000      0.000000      0.000000      0.000000
J1907+0833    56161.0000  DE436     286.9876851965       8.5666635329       0.000       0.000       0.000      39.81676102      73.98090000      0.000000      0.000000      0.000000
J1908+0558    57632.0000  DE436     287.0083199050       5.9760940050       0.000       0.000       0.000      92.91811994     179.03360000      0.000000      0.000000      0.000000
J1908+1351    58489.0000  DE436     287.1471398327      13.8612391332       0.000       0.000       0.000     633.32655505     957.43850000      0.000000      0.000000      0.000000
J1909+1205    55897.0000  DE436     287.4644752619      12.0962795234       0.000       0.000       0.000     681.84829700    1470.36120000      0.000000      0.000000      0.000000
J1910+0435    57862.0000  DE436     287.5461333657       4.5915391027       0.000       0.000       0.000      96.73988413     239.08080000      0.000000      0.000000      0.000000
J1910+0710    57671.0000  DE436     287.5578023327       7.1795456795       0.000       0.000       0.000     219.71885425     518.27600000      0.000000      0.000000      0.000000
J1910+1017    55938.0000  DE436     287.6088516057      10.2983572973       0.000       0.000       0.000      35.39200503      63.05340000      0.000000      0.000000      0.000000
J1910+1026    56334.0000  DE436     287.7031361111      10.4479116731       0.000       0.000       0.000     130.72206086     484.97900000      0.000000      0.000000      0.000000
J1911+0921    56041.0000  DE436     287.9436961106       9.3657641028       0.000       0.000       0.000     139.26545086     266.25250000      0.000000      0.000000      0.000000
J1911+0925    55982.0000  DE436     287.9977992895       9.4256125267       0.000       0.000       0.000     177.74932297     604.89530000      0.000000      0.000000      0.000000
J1911+1051    56578.0000  DE436     287.9260898260      10.8574274152       0.000       0.000       0.000     115.45299858     157.19030000      0.000000      0.000000      0.000000
J1911+1301    57915.0000  DE436     287.8822472841      13.0240542978       0.000       0.000       0.000     137.70006136     301.90590000      0.000000      0.000000      0.000000
J1911+1336    58410.0000  DE436     287.9980882372      13.6152769691       0.000       0.000       0.000      37.47586272      71.86290000      0.000000      0.000000      0.000000
J1913+0523    58290.0000  DE436     288.3446713164       5.3996744566       0.000       0.000       0.000      99.15100621     261.48690000      0.000000      0.000000      0.000000
J1913+11025   56356.0000  DE436     288.4279794914      11.0496771457       0.000       0.000       0.000     123.35085108     231.53380000      0.000000      0.000000      0.000000
J1914+0625    56964.0000  DE436     288.5348281257       6.4169356637       0.000       0.000       0.000      39.49291411      45.53330000      0.000000      0.000000      0.000000
J1914+0805    58528.0000  DE436     288.5229484565       8.0868503293       0.000       0.000       0.000     136.48040342     222.36070000      0.000000      0.000000      0.000000
J1914+0838    56825.0000  DE436     288.6102108366       8.6458712111     -25.391       0.000       0.000      20.72681042      25.29380000      9.389600      0.000000      0.000000
J1914+1428    56000.0000  DE436     288.7247730079      14.4795088618       0.000       0.000       0.000     120.77789883     236.55960000      0.000000      0.000000      0.000000
J1915+0639    57374.0000  DE436     288.9763625784       6.6628351571       0.000       0.000       0.000      35.65093058      39.40750000      0.000000      0.000000      0.000000
J1915+1145    56367.0000  DE436     288.8880129655      11.7613841022       0.000       0.000       0.000      11.58623037      23.31600000      0.000000      0.000000      0.000000
J1915+1150    55927.0000  DE436     288.8192147586      11.8431625421       0.000       0.000       0.000     949.94158587     934.39640000      0.000000      0.000000      0.000000
J1918+1311    56866.0000  DE436     289.6925836492      13.1901403135       0.000       0.000       0.000      67.97047607     131.96290000      0.000000      0.000000      0.000000
J1921+0921    58119.0000  DE436     290.4728620528       9.3583796806       0.000       0.000       0.000     140.39782543     208.94810000      0.000000      0.000000      0.000000
J1921+1630    56891.0000  DE436     290.2505929120      16.5154938151       0.000       0.000       0.000     264.32498525     852.56280000      0.000000      0.000000      0.000000
J1924+1628    57514.0000  DE436     291.1837075674      16.4771353412       0.000       0.000       0.000      89.78201987     158.55680000      0.000000      0.000000      0.000000
J1924+1713    56055.0000  DE436     291.1354895558      17.2258232882       0.000       0.000       0.000     273.84632457     287.66020000      0.000000      0.000000      0.000000
J1924+1917    58528.0000  DE436     291.1092041819      19.2901096195       0.000       0.000       0.000     521.03976719     319.86850000      0.000000      0.000000      0.000000
J1926+1614    57589.0000  DE436     291.7091748979      16.2385468756       0.000       0.000       0.000      38.13554526      85.46200000      0.000000      0.000000      0.000000
J1928+1725    57696.0000  DE436     292.2154583333      17.4247558333       0.000       0.000       0.000       0.00000000       0.00000000      0.000000      0.000000      0.000000
J1930+1408    56885.0000  DE436     292.5789689947      14.1487194971       0.000       0.000       0.000      26.84331974      47.60360000      0.000000      0.000000      0.000000
J1930+1722    57656.0000  DE436     292.6254671944      17.3814333931       0.000       0.000       0.000     341.28471878     607.40460000      0.000000      0.000000      0.000000
J1931+1817    58156.0000  DE436     292.9697442661      18.2835460307       0.000       0.000       0.000      63.11838549      80.64280000      0.000000      0.000000      0.000000
J1934+1926    55977.0000  DE436     293.5902141155      19.4431424544       0.000       0.000       0.000      86.89428272     137.76740000      0.000000      0.000000      0.000000
J1935+1829    57852.0000  DE436     293.9287819505      18.4911285205       0.000       0.000       0.000     142.00355413     325.78780000      0.000000      0.000000      0.000000
J1936+2042    56065.0000  DE436     294.1142540448      20.7012527991       0.000       0.000       0.000     341.34566431     392.98350000      0.000000      0.000000      0.000000
J1938+2659    58829.0000  DE436     294.6632304025      26.9874897316       0.000       0.000       0.000      76.40393135     139.53710000      0.000000      0.000000      0.000000
J1939+2609    58823.0000  DE436     294.9264221463      26.1601085622       0.000       0.000       0.000      18.92575293      39.32990000      0.000000      0.000000      0.000000
J1948+1808    58861.0000  DE436     297.0922060386      18.1417095269       0.000       0.000       0.000      54.32970327      81.35660000      0.000000      0.000000      0.000000
J1948+2819    58102.0000  DE436     297.1599554537      28.3222380884       0.000       0.000       0.000     137.10774710     186.51600000      0.000000      0.000000      0.000000
J1950+3001    58162.0000  DE436     297.7236791088      30.0285409368       0.000       0.000       0.000     257.76785989     309.84180000      0.000000      0.000000      0.000000
J1952+2513    55731.0000  DE436     298.0864076777      25.2289174764       0.000       0.000       0.000     201.90886550     650.57140000      0.000000      0.000000      0.000000
J1952+3021    57821.0000  DE436     298.0820685602      30.3555553853       0.000       0.000       0.000     144.76692553     424.29480000      0.000000      0.000000      0.000000
J1953+2819    58094.0000  DE436     298.3968265031      28.3276455984       0.000       0.000       0.000     149.67138127     193.71220000      0.000000      0.000000      0.000000
J1954+2529    58104.0000  DE436     298.5821488397      25.4909285012       0.000       0.000       0.000      37.39909817      68.69390000      0.000000      0.000000      0.000000
J1955+2930    57822.0000  DE436     298.7813622937      29.5138344053       0.000       0.000       0.000     114.53538602     161.86740000      0.000000      0.000000      0.000000
J1958+3033    57683.0000  DE436     299.5284243974      30.5646321194       0.000       0.000       0.000     126.04634110     214.40850000      0.000000      0.000000      0.000000
J2000+2920    58196.0000  DE436     300.0687828636      29.3354070090       0.000       0.000       0.000      80.87240034     116.66400000      0.000000      0.000000      0.000000
J2003+2916    57767.0000  DE436     300.7633085511      29.2669325947       0.000       0.000       0.000      77.38015743     107.51940000      0.000000      0.000000      0.000000
J2008+3139    57831.0000  DE436     302.1666141985      31.6575986443       0.000       0.000       0.000      16.31226429      20.90430000      0.000000      0.000000      0.000000
