# psr_name pos_epoch ecl_lon ecl_lon_err ecl_lat ecl_lat_err pm_ecl_lon pm_ecl_lon_err pm_ecl_lat pm_ecl_lat_err plx plx_err
# None MJD deg deg deg deg mas/yr mas/yr mas/yr mas/yr mas mas
J0613-0200    55636.0000   93.7990079728662  0.0000000101935  -25.4071385293899  0.0000000221799      2.1057  0.0053  -10.3006  0.0129    1.0078  0.0918
J0711-6830    55636.0000  204.0611514115201  0.0000000913802  -82.8886315130456  0.0000000108818    -12.0493  0.0091  -17.2667  0.0092    0.0000  0.0000
J1017-7156    56813.0000  222.4277904145089  0.0000000197040  -67.7362293808009  0.0000000071808     -8.8820  0.0112   -4.8204  0.0116    0.6002  0.6152
J1022+1001    55636.0000  153.8658592488536  0.0000000110016   -0.0639652921627  0.0000104650472    -15.9180  0.0096   -4.1548  8.2577    1.5506  0.1550
J1024-0719    55614.0000  160.7343583623613  0.0000000095735  -16.0446998951986  0.0000000300609    -14.3912  0.0093  -57.9961  0.0315    0.8338  0.1341
J1045-4509    55627.0000  186.5185372187138  0.0000000406459  -47.7147803337542  0.0000000360824     -7.9520  0.0238    0.8830  0.0327    1.6869  0.7152
J1125-6014    55976.0000  209.5040209113871  0.0000000229507  -55.6590475355939  0.0000000169721     17.0519  0.0117   -1.5998  0.0145    0.6490  0.2802
J1446-4701    56865.0000  234.2153422221399  0.0000000226146  -29.4105211099630  0.0000000400939     -3.0761  0.0407   -4.3327  0.0684    0.6341  0.3489
J1545-4550    56958.0000  244.8215460099353  0.0000000110057  -25.2911165053412  0.0000000221971     -1.0433  0.0196    2.1846  0.0456    0.4463  0.1420
J1600-3053    55636.0000  244.3476777406042  0.0000000049784  -10.0718377630521  0.0000000276048      0.4575  0.0044   -7.0230  0.0256    0.5341  0.0570
J1603-7202    55637.0000  256.5202895817531  0.0000000172274  -49.9630173514773  0.0000000148376     -0.1248  0.0087   -7.7539  0.0117    0.2776  0.3363
J1643-1224    55637.0000  251.0872214658181  0.0000000153638    9.7783327608584  0.0000000876611      5.4015  0.0116    4.6254  0.0692    0.8220  0.1697
J1713+0747    55636.0000  256.6686963898185  0.0000000016580   30.7003598220588  0.0000000027849      5.2651  0.0013   -3.4424  0.0024    0.7631  0.0206
J1730-2304    55636.0000  263.1860411677682  0.0000000077110    0.1888661556038  0.0000025615603     20.2508  0.0071   -2.3963  2.1937    2.1101  0.1073
J1732-5049    54404.0000  265.1617686108802  0.0000000722385  -27.4915997549534  0.0000001024218      0.0203  0.1253   -9.8827  0.1979    0.0000  0.0000
J1744-1134    55636.0000  266.1194065145728  0.0000000040510   11.8051988771380  0.0000000188916     19.0543  0.0030   -8.8950  0.0146    2.4381  0.0473
J1824-2452A   55683.0000  275.5647513677300  0.0000000181401   -1.5488074000092  0.0000007299503     -0.6132  0.0197   -8.5789  0.7857    0.0000  0.0000
J1832-0836    57246.0000  278.2920043432277  0.0000000185288   14.5907138112758  0.0000000821269     -9.2686  0.0489  -20.5039  0.1933    0.6430  0.1969
J1857+0943    55637.0000  286.8634874747380  0.0000000110380   32.3214851581544  0.0000000179436     -3.2801  0.0088   -5.0644  0.0174    0.8508  0.1583
J1909-3744    55635.0000  284.2208512142641  0.0000000009347  -15.1555205294981  0.0000000034421    -13.8619  0.0007  -34.3269  0.0027    0.8642  0.0098
J1939+2134    55656.0000  301.9732445106916  0.0000000032582   42.2967522294335  0.0000000036193     -0.0224  0.0023   -0.4132  0.0034    0.2070  0.0477
J2124-3358    55635.0000  312.7388503277337  0.0000000143902  -17.8188290718550  0.0000000438038    -29.7277  0.0114  -43.0107  0.0359    2.2530  0.2007
J2129-5721    55697.0000  303.8279643288869  0.0000000113749  -39.8999676034242  0.0000000128925      4.5506  0.0073  -12.5317  0.0108    0.2609  0.1672
J2145-0750    55657.0000  326.0246142757044  0.0000000055795    5.3130535906157  0.0000000611937    -11.9728  0.0054   -5.4133  0.0619    1.4012  0.0808
J2241-5236    56732.0000  318.6963832670941  0.0000000027714  -40.3934122291345  0.0000000031654     13.8317  0.0035  -13.9003  0.0049    0.9558  0.0431
