                                                                                                       Time
  PSR                     RAJ              Dec.J     PEPOCH           y                ï         NToA  span      MJD range
                         (h:m:s)          (d:m:s)                   (s-1)          (10-14 s-2)         (yr)
  J0543+2329          05:43:11.263(62) 23:16:39.66(91) 55580  4.06531029396(8) -25.48351(13)   111   9.6     54505-58011
  J0745-5353          07:45:04.48(4)  -53:53:09.56(3)  55129 4.65465907222(10)    -4.738 02(14)   173  10.5     53973-57824
  J0820-3826          08:20:59.929(9) -38:26:42.9(13)  55583  8.010466 568 02(3)  -15.6734(5)     115   9.0     54548-57824
  J0834-4159          08:34:17.807(2) -41:59:35.99(2)  55308 8.256427 51376(12)   -29.182 13(2)   134   9.9     54220-57824
  J0857-4424          08:57:55.832(2) -44:24:10.65(2)  55335  3.060 104 5423(4)   -19.6145(10)    170   9.9     54220-57824
  J0905-5127          09:05:51.96(2)  -51:27:54.05(2)  55341  2.887 660 036 64(2) -20.7322(6)     136  10.5     53971-57824
  J0954-5430          09:54:06.046(5) -54:30:52.82(4)  55323 2.114 833070 64(18)  -19.6358(5)     125   9.9     54220-57824
  J1016-5819          10:16:12.071(2) -58:19:01.07(16) 55333 11.385078 985 52(7)  -9.057 63(13)   128   9.9     54220-57824
  J1020-6026          10:20:11.41(19) -60:26:06.3(12)  55494  7.118385 668 03(5)  -34.1421(5)     81    6.4     54365-56708
  J1043-6116          10:43:55.261(2) -61:16:50.76(2)  55358  3.464939 984 47(4)  -12.491 69(7)   131   9.9     54220-57824
  J1115-6052          11:15:53.722(4) -60:52:18.61(3)  55366 3.849 420 365 20(10)   -10.709 96(13)    130   10.4      54220-58011
  J1123-6259          11:23:55.53(12) -62:59:10.94(8)  55393 3.684 105 49479(18)  -7.135 60(2)    131  10.4     54220-58011
  J1156-5707          11:56:07.45(7)   -57:07:02.1(6)  55354  3.467 2047206(6)    -31.9149(9)     134  10.4     54220-58011
  J1216-6223          12:16:41.96(13) -62:23:57.00(9)  55391 2.673 417 841 032(14)   -12.02408(14)    90    6.8 54220-56708
  J1224-6407          12:24:22.254(6) -64:07:53.87(4)  55191  4.619368 688 62(6)  -10.569 60(8)   274  10.4     54204-58011
  J1305-6203          13:05:21.14(10) -62:03:21.07(8)  55390  2.337 684 822 03(6)   -17.573 35(10)    127   10.4      54220-58011
  J1349-6130          13:49:36.62(18) -61:30:17.12(15) 55429 3.855 573 841 97(19) -7.60678(3)     171  10.4     54220-58012
  J1412-6145          14:12:07.63(10) -61:45:28.48(8)  55363  3.172000 7909(13)    -99.643(4)     162  10.4     54220-58012
  J1452-5851          14:52:52.60(10) -58:51:13.2(11)  55367 2.586 365 680 859(2)   -33.91606(17) 75    6.8     54220-56708
  J1453-6413          14:53:32.665(6) -64:13:16.00(5)  55433  5.571 440 21375(9)  -8.518 12(15)   184  10.4     54220-58012
  J1509-5850          15:09:27.156(7) -58:50:56.01(8)  55378  11.245 448 8757(7)  -115.9175(16)   129  10.4     54220-58012
  J1512-5759          15:12:43.04(10) -57:59:59.8(11)  55383 7.770093 920 40(18)  -41.37272(2)    131  10.4     54220-58012
  J1513-5908          15:13:55.81(11) -59:08:09.64(11) 55336 6.597 091 827 78(19)  -6653.105 58(27)   151   11.6      54220-58469
  J1514-5925          15:14:59.10(3)  -59:25:43.5(3)   55415  6.720544472 15(8)   -13.0014(17)    85    6.8     54220-56708
  J1515-5720          15:15:09.23(14) -57:20:50.15(17) 55380 3.488 596 141 04(17) -7.41624(2)     130  10.4     54220-58012
  J1524-5706          15:24:21.42(12) -57:06:34.64(15) 55383  0.895917 294 63(9)  -28.603 66(2)   128  10.4     54220-58012
  J1530-5327          15:30:26.892(2) -53:27:56.02(4)  55431  3.584763 701 33(5)  -6.01385(9)     158  10.4     54220-58012
  J1531-5610         15:31:27.901(11) -56:10:55.33(13) 55304  11.875 629 2823(4) -194.5360(14)    140  10.4     54220-58012
  J1538-5551          15:38:45.016(5) -55:51:36.95(8)  55421  9.553 297 189 30(4) -29.2693(6)     85    6.8     54220-56708
  J1539-5626         15:39:14.06(18)   -56:26:26.3(2)  55408 4.108 545 287 47(18) -8.183 23(2)    128  10.4     54220-58012
  J1543-5459          15:43:56.43(6)   -54:59:15.0(8)  55408  2.651 550 8603(4)   -36.6285(7)     128  10.4     54220-58012
  J1548-5607          15:48:44.015(8) -56:07:34.3(10)  55408 5.850075 80447(19)   -36.73172(3)    128  10.4     54220-58012
  J1549-4848          15:49:21.08(17)  -48:48:35.5(3)  55407  3.467 948 675 00(2) -16.966 93(3)   130  10.4     54220-58012
  J1551-5310          15:51:41.0(10)   -53:11:00.5(4)  55383 2.205 325738 02(11)  -94.7569(18)    84    6.8     54220-56708
  J1600-5751          16:00:19.90(11) -57:51:15.3(13)  55377  5.142 55433375(2)   -5.630 69(3)    129  10.4     54220-58012
  J1601-5335          16:01:54.81(2)   -53:35:44.1(4)  55391  3.466 452 814 46(7) -74.9184(10)    86    6.8     54220-56708
  J1611-5209          16:11:03.37(01) -52:0:22.13(11)  55390 5.479 608 123 33(12)   -15.52478(19) 128  10.4     54220-58012
  J1632-4757          16:32:16.66(13)  -47:57:34.5(3)  55419  4.375052744 87(4)   -28.8454(7)     83    6.8     54220-56708
  J1632-4818          16:32:39.70(3)   -48:18:53.8(8)  55426  1.228 996 4712(14)   -98.0730(3)    113  10.4     54220-58012
  J1637-4553          16:37:58.692(4) -45:53:26.82(9)  55443 8.419397 382 52(19)  -22.6194(4)     159   11.1    53971-58012
  J1637-4642          16:37:13.75(17)  -46:42:14.2(4)  55398   6.491 542 203(4)   -249.892410)    128  10.4     54220-58012
  J1638-4417          16:38:46.226(8)  -44:17:03.2(2)  55410   8.488 8197965(4)    -11.5716(7)    128  10.4     54220-58012
  J1638-4608          16:38:23.26(9)   -46:08:13.4(3)  55408  3.595 120 8300(10)  -66.5397(16)    129  10.4     54220-58012
  J1640-4715          16:40:13.09(3)   -47:15:38.1(8)  55392   1.932 628 4729(4)  -15.7266(6)     128  10.4     54220-58012
  J1643-4505          16:43:36.91(3)   -45:05:45.8(7)  55580   4.212470 392(4)     -56.473(10)    116   9.6     54505-58012
  J1648-4611          16:48:22.043(7) -46:11:15.75(20) 55395   6.062 160 6076(2)   -87.220(5)     125  10.4     54220-58012
  J1649-4653          16:49:24.61(11)  -46:53:09.3(2)  55360 1.795 215 472 56(18) -15.981 43(2)   125  10.4     54220-58012
  J1650-4921         16:50:35.109(17) -49:21:03.76(3)  55599 6.393 872 581 394(2) -7.43411(5)     112   9.5     54548-58012
  J1702-4306          17:02:27.36(2)   -43:06:45.1(4)  55560  4.640 188 780 13(2) -21.057 20(2)   102   9.6     54505-58012
  J1715-3903          17:15:14.08(4)  -39:02:57.13(12) 55370  3.590742 3095(9)    -48.2784(13)    128  10.4     54220-58012
  J1722-3712          17:22:59.21(4)  -37:12:04.51(9)  55362  4.234063 3683(7)    -19.4742(11)    131  10.4     54220-58012
  J1723-3659          17:23:07.58(17)  -36:59:14.2(8)  55384  4.932793 178 87(3)   -19.5353(5)    128  10.4     54220-58012
  J1733-3716          17:33:26.760(2) -37:16:55.19(10) 55359  2.962 130037 17(4)  -13.199 89(9)   129   11.1    53971-58012
  J1735-3258          17:35:56.66(61) -32:58:21.78(46) 55355  2.849232318 13(2)   -21.1107(3)     89    6.7     54220-56672
  J1738-2955          17:38:52.12(2)  -29:55:57.39(22) 55377   2.255 171 3364(2)  -41.7146(12)    89    6.8     54220-56709
  J1739-2903          17:39:34.292(2)  -29:03:02.2(2)  55385  3.097 063736 18(5)  -7.553 45(7)    135  10.4     54220-58012
  J1739-3023          17:39:39.79(4)  -30:23:12.87(18) 55351  8.743 419 4934(13)  -87.1129(2)     133  10.4     54220-58012
  J1745-3040         17:45:56.316(12) -30:40:22.9(11)  55276 2.721 579 246 363(8) -7.904 60(4)    219   13.6    53035-58012
  J1801-2154          18:01:08.38(63) -21:54:07.51(81) 55385 2.664 522 56901(11)  -11.3721(15)    84    6.8     54220-56708
  J1806-2125          18:06:19.59(48) -21:27:55.33(98) 55349  2.075444041(15)      -50.821(2)     123  11.0     53968-57992
  J1809-1917         18:09:43.136(2)   -19:17:38.1(5)  55366   12.083 822 6201(8) -372.7882(19)   130   10.4     54220-58012
  J1815-1738         18:15:14.67(19)  -17:38:06.95(57) 55364  5.038 875 458 88(10)   -197.4552(11) 86   6.8      54220-56708
  J1820-1529         18:20:41.11(47)  -15:29:42.37(29) 55373   3.000716 562(16)     -34.130(4)     81   7.4      53968-56671
  J1824-1945         18:24:00.56(18)  -19:46:03.47(43) 55291  5.281 57 555 2287(3) -14.6048(5)    149   10.4     54220-58012
  J1825-1446         18:25:02.96(17)  -14:46:53.75(72) 55314   3.581 683 5827(4)   -29.0816(6)     132  10.4     54220-58012
  J1828-1057         18:28:33.24(10)   -10:57:26.9(7)  55334   4.059 541 174 19(6) -34.1114(4)     89   6.8      54220-56708
  J1828-1101          18:28:18.8(13)  -11:01:51.28(93) 55356   13.877 993 641(13)  -284.992(2)     131  11.1     53951-58012
  J1830-1059         18:30:47.51(11)  -10:59:26.45(88) 55372   2.468 6900068(5)    -36.5201(10)    154  10.4     54220-58012
  J1832-0827         18:32:37.013(2)  -08:27:03.7(12)  55397  1.544817 633 127(2)  -15.248 58(4)   124  10.4     54220-58012
  J1833-0827         18:33:40.268(3)  -08:27:31.6(18)  55402   11.724 958 0817(4)  -126.1600(8)    124  10.2     54268-58012
  J1834-0731          18:34:15.97(2)  -07:31:05.93(7)  55376   1.949335711 14(6)   -22.1210(7)     85   6.7      54268-56708
  J1835-0944         18:35:46.653(6)   -09:44:27.2(4)  55130   6.880068 960 72(4)  -20.7560(11)    41   3.7      54478-55822
  J1835-1106          18:35:18.41(5)   -11:06:16.1(9)  55429   6.027 086 8794(10)  -74.7918(16)    125  10.2     54268-58012
  J1837-0559         18:37:23.652(6)   -05:59:28.6(2)  55470   4.973 547 630 55(2)  -8.1858(4)     115  10.2     54303-58012
  J1838-0453          18:38:11.4(12)  -04:53:25.57(83) 55339   2.625 598 0205(5)   -80.1949(3)     91   6.6      54306-56708
  J1838-0549         18:38:38.065(6)   -05:49:12.1(3)  55473  4.249 688 210732(2)  -60.3601(5)     81   6.6      54306-56708
  J1839-0321         18:39:37.520(8)   -03:21:10.8(3)  55522  4.187 917 144798(2)  -21.9566(7)     70   6.6      54306-56708
  J1839-0905          18:39:53.46(3)   -9:05:14.1(8)   54979   2.386777 802 94(7)  -14.8244(10)     55   4.3      54268-55822
  J1842-0905          18:42:22.15(2)   -09:05:30.0(3)  55392   2.901 527 84474(2)   -8.8183(4)     126  10.2     54268-58012
  J1843-0355         18:43:06.663(8)   -03:55:56.6(3)  55402  7.557 780 825 655(2) -5.940 13(9)    84   7.5      53968-56708
  J1843-0702         18:43:22.439(2)  -07:02:54.6(14)  55380  5.218 809 610 58(15) -5.818 12(2)    128  10.2     54268-58012
  J1844-0538          18:44:05.12(2)  -05:38:34.1(14)  55410  3.910768 991 55(11) -14.843 90(17)   122  10.2     54268-58012
  J1845-0743         18:45:57.1833(4) -07:43:38.57(2)  55336  9.551 586 249 996(12)   -3.345 425(2)    130   10.3     54267-58012
  J1853-0004         18:53:23.027(8)   -00:04:33.4(3)  55446   9.858 32573140(2)   -54.1604(5)     118  10.1     54306-58012
  J1853+0011         18:53:29.980(8)   00:11:30.6(3)   55163  2.513 260 850 307(15)  -21.178 46(12)    37    3.4 54597-55822
