psr_name, pos_epoch, ra, dec, pmra, pmdec, plx, ra_err, dec_err, pmra_err, pmdec_err, plx_err
# , MJD, deg, deg, mas/yr, mas/yr, mas, mas, mas, mas/yr, mas/yr, mas
J0040+5716,56000.0,  10.1349579167,  57.2735647222,  12.400,  -5.450,   0.100, 0.811, 1.000, 0.060, 0.140, 0.050
J0055+5117,56000.0,  13.9391587500,  51.2901669444,  10.490, -17.350,   0.350, 0.938, 1.000, 0.090, 0.200, 0.060
J0102+6537,56000.0,  15.6374641667,  65.6203933333,   9.250,   1.830,   0.400, 0.619, 1.000, 0.080, 0.210, 0.040
J0108+6608,56000.0,  17.0937704167,  66.1429163889, -32.750,  35.160,   0.470, 1.820, 1.000, 0.040, 0.050, 0.040
J0147+5922,56000.0,  26.9360141667,  59.3675788889,  -6.380,   3.830,   0.490, 0.764, 1.000, 0.100, 0.100, 0.090
J0151-0635,56000.0,  27.8446579167,  -6.5841630556,  10.700,  -5.370,   0.220, 2.980, 2.000, 0.140, 0.080, 0.100
J0152-1637,56000.0,  28.0452245833, -16.6315669444,   0.800, -31.370,   0.440, 1.437, 2.000, 0.230, 0.420, 0.210
J0157+6212,56000.0,  29.4580975000,  62.2074022222,   1.520,  44.810,   0.550, 0.699, 1.000, 0.100, 0.050, 0.040
J0323+3944,56000.0,  50.8610912500,  39.7478897222,  26.480, -30.780,   1.050, 1.153, 1.000, 0.060, 0.030, 0.040
J0332+5434,56000.0,  53.2475400000,  54.5787025000,  16.970, -10.380,   0.590, 0.869, 1.000, 0.030, 0.060, 0.030
J0335+4555,56000.0,  53.8193400000,  45.9315144444,  -3.640,  -0.100,   0.410, 1.043, 1.000, 0.070, 0.130, 0.030
J0357+5236,56000.0,  59.4368345833,  52.6159702778,  13.910, -10.630,   0.300, 1.821, 1.000, 0.120, 0.100, 0.080
J0406+6138,56000.0,  61.6253358333,  61.6448355556,  12.400,  22.720,   0.220, 1.425, 1.000, 0.150, 0.100, 0.060
J0601-0527,56000.0,  90.4957300000,  -5.4641308333,  -7.350, -15.230,   0.480, 2.986, 4.000, 0.080, 0.100, 0.040
J0614+2229,56000.0,  93.5708575000,  22.4991244444,  -0.230,  -1.220,   0.280, 1.386, 1.000, 0.050, 0.070, 0.030
J0629+2415,56000.0,  97.2738637500,  24.2615405556,   3.630,  -4.610,   0.330, 1.368, 1.000, 0.190, 0.150, 0.050
J0729-1836,56000.0, 112.3847370833, -18.6117344444, -13.070,  13.250,   0.490, 1.422, 2.000, 0.120, 0.460, 0.100
J0823+0159,56000.0, 125.7906879167,   1.9867969444,  -3.980,   0.150,   0.410, 1.499, 1.000, 0.160, 0.110, 0.100
J0826+2637,56000.0, 126.7146116667,  26.6225825000,  62.990, -96.730,   2.010, 1.341, 1.000, 0.020, 0.090, 0.010
J1022+1001,56000.0, 155.7416487500,  10.0313236111, -14.890,   5.590,   1.390, 1.477, 2.000, 0.050, 0.030, 0.040
J1136+1551,56000.0, 174.0129991667,  15.8539397222, -73.780, 366.570,   2.690, 1.443, 1.000, 0.030, 0.070, 0.020
J1257-1027,56000.0, 194.2698437500, -10.4515419444,  -7.160,  12.080,   0.140, 2.950, 2.000, 0.140, 0.120, 0.090
J1321+8323,56000.0, 200.4401312500,  83.3942866667, -52.670,  32.370,   0.970, 1.208, 1.000, 0.100, 0.200, 0.140
J1532+2745,56000.0, 233.0431858333,  27.7637841667,   1.540,  18.930,   0.620, 1.327, 1.000, 0.130, 0.120, 0.100
J1543-0620,56000.0, 235.8755720833,  -6.3459255556, -16.770,  -0.310,   0.320, 1.491, 2.000, 0.060, 0.150, 0.040
J1607-0032,56000.0, 241.8002491667,  -0.5448686111, -26.440, -27.500,   0.930, 3.000, 2.000, 0.100, 0.220, 0.050
J1623-0908,56000.0, 245.8235829167,  -9.1468702778, -10.770,  23.510,   0.590, 1.481, 2.000, 0.130, 0.170, 0.100
J1645-0317,56000.0, 251.2585025000,  -3.2993941667,  -1.010,  20.520,   0.250, 1.498, 2.000, 0.050, 0.200, 0.030
J1650-1654,56000.0, 252.6132058333, -16.9117450000, -15.020,  -6.560,  -0.090,10.046,20.000, 0.090, 0.150, 0.030
J1703-1846,56000.0, 255.9628812500, -18.7707902778,  -0.750,  16.960,   0.350, 2.840, 6.000, 0.100, 0.230, 0.050
J1735-0724,56000.0, 263.7707208333,  -7.4144805556,   0.790,  20.610,   0.150, 1.487, 1.000, 0.090, 0.070, 0.040
J1741-0840,56000.0, 265.3440120833,  -8.6754752778,   0.440,   6.880,   0.280, 1.483, 1.000, 0.130, 0.110, 0.060
J1754+5201,56000.0, 268.5954450000,  52.0200677778,  -3.950,   1.100,   0.160, 0.923, 1.000, 0.050, 0.070, 0.030
J1820-0427,56000.0, 275.2191391667,  -4.4604755556,  -7.320,  15.880,   0.350, 1.495, 2.000, 0.070, 0.090, 0.060
J1833-0338,56000.0, 278.4245604167,  -3.6511827778, -17.410,  15.040,   0.410, 1.497, 1.000, 0.160, 0.340, 0.070
J1840+5640,56000.0, 280.1855716667,  56.6819033333, -31.210, -29.080,   0.660, 0.824, 1.000, 0.030, 0.080, 0.070
J1901-0906,56000.0, 285.4708695833,  -9.1030961111,  -7.530, -18.210,   0.510, 4.443,10.000, 0.040, 0.160, 0.070
J1912+2104,56000.0, 288.1805795833,  21.0760905556, -11.340,  -5.770,   0.020, 1.400, 1.000, 0.100, 0.120, 0.170
J1913+1400,56000.0, 288.3514695833,  14.0145997222,  -5.260,  -8.930,   0.180, 1.455, 1.000, 0.070, 0.070, 0.030
J1917+1353,56000.0, 289.4157766667,  13.8991880556,  -1.250,   3.810,   0.140, 1.456, 1.000, 0.070, 0.060, 0.070
J1919+0021,56000.0, 289.9611312500,   0.3610338889,  10.170,  -4.710,   0.170, 1.500, 2.000, 0.140, 0.100, 0.040
J1937+2544,56000.0, 294.2552266667,  25.7370655556, -10.050, -13.050,   0.320, 1.351, 1.000, 0.040, 0.040, 0.030
J2006-0807,56000.0, 301.5681875000,  -8.1172686111,  -6.180, -10.620,   0.420, 1.485, 3.000, 0.070, 0.170, 0.100
J2010-1323,56000.0, 302.6913379167, -13.3989119444,   2.360,  -5.610,   0.480, 1.459, 4.000, 0.330, 0.300, 0.170
J2046+1540,56000.0, 311.6639054167,  15.6759883333, -10.460,   0.680,   0.310, 1.444, 1.000, 0.090, 0.090, 0.080
J2046-0421,56000.0, 311.5007208333,  -4.3572933333,  10.760,  -4.400,   0.170, 1.496, 2.000, 0.040, 0.370, 0.040
J2113+2754,56000.0, 318.2681275000,  27.9003222222, -27.980, -54.430,   0.700, 1.326, 1.000, 0.050, 0.100, 0.020
J2113+4644,56000.0, 318.3513729167,  46.7357900000,   9.530,   8.850,   0.450, 1.028, 1.000, 0.150, 0.090, 0.080
J2145-0750,56000.0, 326.4602450000,  -7.8384761111,  -9.510,  -9.100,   1.600, 1.486, 4.000, 0.040, 0.090, 0.030
J2149+6329,56000.0, 327.4945970833,  63.4956325000,  15.790,  11.260,   0.360, 1.339, 2.000, 0.130, 0.280, 0.070
J2150+5247,56000.0, 327.6572912500,  52.7970988889,   8.380,  -4.430,   0.030, 0.907, 1.000, 0.230, 0.350, 0.160
J2212+2933,56000.0, 333.0972683333,  29.5515030556,  -5.510, -11.320,   0.270, 1.305, 1.000, 0.100, 0.130, 0.120
J2225+6535,56000.0, 336.4702612500,  65.5934363889, 147.220, 126.530,   1.200, 1.859, 1.000, 0.240, 0.120, 0.200
J2248-0101,56000.0, 342.1120245833,  -1.0300236111, -10.550, -17.410,   0.260, 1.500, 1.000, 0.120, 0.270, 0.070
J2305+3100,56000.0, 346.4930050000,  31.0003558333,  -3.740, -15.570,   0.220, 1.286, 1.000, 0.080, 0.160, 0.030
J2317+1439,56000.0, 349.2884850000,  14.6586847222,  -1.480,   3.810,   0.600, 1.451, 1.000, 0.470, 0.700, 1.530
J2317+2149,56000.0, 349.4910079167,  21.8300052778,   8.520,   0.140,   0.510, 1.392, 1.000, 0.100, 0.190, 0.060
J2325+6316,56000.0, 351.3054983333,  63.2812116667,  -5.930,  -2.050,  -0.010, 1.349, 1.000, 0.080, 0.190, 0.050
J2346-0609,56000.0, 356.7104075000,  -6.1666386111,  37.390, -20.230,   0.280, 1.491, 2.000, 0.040, 0.110, 0.040
J2354+6155,56000.0, 358.5199291667,  61.9296791667,  22.750,   4.890,   0.410, 0.706, 1.000, 0.060, 0.030, 0.040
# add from MSPSRPI
# RA: 10:12:33.4399(1); Dec: 53:07:02.113(1); PLX: 1.21+0.03-0.08
# PMRA: 2.67+0.05-0.09; PMDEC: -25.40+0.14-0.09
J1012+5307,57700.0, 153.13933291666663, 53.11725361111111, 2.67, -25.40, 1.21, 0.900, 1, 0.09, 0.14, 0.08
# RA: 15:37:09.963467(4); Dec:11:55:55.0274(2); 1.07+0.09-0.08
# PMRA: 1.51 +/- 0.02, PMDEC:-25.31+0.04-0.05
# SIGMA RA = 0.059 mas, SIGMA DEC = 0.2 mas
# ADD a sigma of 0.8 mas in each axis
J1537+1155,57964,  234.29151444583334, 11.931952055555556, 1.51, -25.31, 1.07, 0.802, 0.825, 0.02, 0.05, 0.09 
