# psr_name pos_epoch eph ra dec pmra pmdec plx ra_err dec_err pmra_err pmdec_err plx_err
# None MJD None deg deg mas/yr mas/yr mas mas mas mas/yr mas/yr mas
J0030+0451    57600.0000  DE430       7.6142655971       4.8610416889      -5.520       3.000       3.300     143.70026519     330.78000000      0.000000      0.000000      0.000000
J0134-2937    57600.0000  DE430      23.5778913442     -29.6214326028       0.000       0.000       0.000       3.70469539       5.34690000      0.000000      0.000000      0.000000
J0151-0635    56000.0000  DE430      27.8446596958      -6.5841630944      10.700      -5.370       0.220      64.98653538     142.55000000      0.000000      0.000000      0.000000
J0152-1637    56000.0000  DE430      28.0452253333     -16.6315645694       0.800     -31.370       0.440      16.69506769      33.77500000      0.000000      0.000000      0.000000
J0206-4028    57600.0000  DE430      31.5053879633     -40.4676712917       0.000       0.000       0.000      13.07082873      13.99300000      0.000000      0.000000      0.000000
J0255-5304    57600.0000  DE430      43.9845581742     -53.0725696028       0.000       0.000       0.000       3.81461845       4.52610000      0.000000      0.000000      0.000000
J0348+0432    56000.0000  DE405      57.1818291667       4.5365161111       4.040       3.500       0.000       5.86367213      24.78200000      0.000000      0.000000      0.000000
J0401-7608    57600.0000  DE430      60.4656269867     -76.1369330194       0.000       0.000       0.000      47.68564299      51.85200000      0.000000      0.000000      0.000000
J0418-4154    57600.0000  DE430      64.5157284850     -41.9040070167       0.000       0.000       0.000      55.60886385      68.97100000      0.000000      0.000000      0.000000
J0437-4715    54500.0000  DE421      69.3162340571     -47.2525307528     121.439     -71.475       6.373       6.12744516       3.03520000      0.000000      0.000000      0.000000
J0450-1248    57600.0000  DE430      72.5366265787     -12.8019690194       0.000       0.000       0.000      37.45714452      82.24700000      0.000000      0.000000      0.000000
J0452-1759    57600.0000  DE430      73.1421638900     -17.9897642583       0.000       0.000       0.000      23.42017465      39.91800000      0.000000      0.000000      0.000000
J0525+1115    57600.0000  DE430      81.4854108258      11.2552495444       0.000       0.000       0.000      25.30379897     139.54000000      0.000000      0.000000      0.000000
J0529-6652    57600.0000  DE430      82.4621021800     -66.8777532583       0.000       0.000       0.000     234.93325261     365.06000000      0.000000      0.000000      0.000000
J0533+0402    57600.0000  DE430      83.3576182629       4.0332694500       0.000       0.000       0.000      75.81975685     298.51000000      0.000000      0.000000      0.000000
J0536-7543    57600.0000  DE430      84.1284541767     -75.7318418944       0.000       0.000       0.000      18.41651052      25.00200000      0.000000      0.000000      0.000000
J0601-0527    57600.0000  DE430      90.4957215596      -5.4641453806       0.000       0.000       0.000      13.25305299      28.61800000      0.000000      0.000000      0.000000
J0624-0424    57600.0000  DE430      96.0834382683      -4.4140456194       0.000       0.000       0.000      22.81313301      40.89900000      0.000000      0.000000      0.000000
J0627+0706    57600.0000  DE430      96.9340540129       7.1091912306       0.000       0.000       0.000      71.15324278     238.87000000      0.000000      0.000000      0.000000
J0630-2834    57600.0000  DE430      97.7056406454     -28.5783638722       0.000       0.000       0.000     137.53360431     224.74000000      0.000000      0.000000      0.000000
J0646+0905    57600.0000  DE430     101.6292724712       9.0971125583       0.000       0.000       0.000      76.70637953     327.16000000      0.000000      0.000000      0.000000
J0659+1414    57600.0000  DE430     104.9507853083      14.2386896194       0.000       0.000       0.000      84.69661044     406.55000000      0.000000      0.000000      0.000000
J0711-6830    57585.0000  DE430     107.9756892167     -68.5131380417     -15.570      14.240       0.000       1.03353617       1.60090000      0.000000      0.000000      0.000000
J0729-1836    57600.0000  DE430     112.3845940004     -18.6117011028       0.000       0.000       0.000     159.92492369     232.47000000      0.000000      0.000000      0.000000
J0737-3039A   57600.0000  DE430     114.4635279112     -30.6613026611      -3.793      -0.558       0.000       0.28565999       0.36416649      0.000000      0.000000      0.000000
J0738-4042    57600.0000  DE430     114.6343506533     -40.7109543472       0.000       0.000       0.000      40.69943303      47.59600000      0.000000      0.000000      0.000000
J0742-2822    57600.0000  DE430     115.7038252533     -28.3789122583       0.000       0.000       0.000     559.56778863     712.99000000      0.000000      0.000000      0.000000
J0758-1528    57600.0000  DE430     119.6210896329     -15.4689816639       0.000       0.000       0.000      32.57077570      47.65100000      0.000000      0.000000      0.000000
J0809-4753    57600.0000  DE430     122.4326431158     -47.8985695861       0.000       0.000       0.000      31.78915643      25.97600000      0.000000      0.000000      0.000000
J0820-1350    57600.0000  DE430     125.1100318638     -13.8489802028       0.000       0.000       0.000      28.77108355      44.86600000      0.000000      0.000000      0.000000
J0820-4114    57600.0000  DE430     125.0644449612     -41.2431164111       0.000       0.000       0.000     144.80832383     145.93000000      0.000000      0.000000      0.000000
J0835-4510    57600.0000  DE430     128.8359695208     -45.1760567722     -49.680      29.900       0.000    2419.21631860    1032.30000000      0.000000      0.000000      0.000000
J0837+0610    57600.0000  DE430     129.2735259567       6.1710757889       0.000       0.000       0.000      19.98054508      67.37100000      0.000000      0.000000      0.000000
J0837-4135    57600.0000  DE430     129.3383012387     -41.5873861056       0.000       0.000       0.000       4.70228803       4.76700000      0.000000      0.000000      0.000000
J0840-5332    57600.0000  DE430     130.1405267583     -53.5433213722       0.000       0.000       0.000      85.93059357      63.93700000      0.000000      0.000000      0.000000
J0842-4851    43557.4360  DE405     130.5226847700     -48.8557356833       0.000       0.000       0.000      98.48040502     158.79000000      0.000000      0.000000      0.000000
J0846-3533    57600.0000  DE430     131.5252966946     -35.5613646944       0.000       0.000       0.000      57.69903252      67.02000000      0.000000      0.000000      0.000000
J0855-3331    57600.0000  DE430     133.9100896600     -33.5274978194       0.000       0.000       0.000      46.34473358      42.45000000      0.000000      0.000000      0.000000
J0856-6137    57600.0000  DE430     134.2469661050     -61.6313085167       0.000       0.000       0.000      85.83941854      86.65200000      0.000000      0.000000      0.000000
J0904-4246    57600.0000  DE430     136.2461795796     -42.7704068694       0.000       0.000       0.000     107.43968368     111.59000000      0.000000      0.000000      0.000000
J0904-7459    57600.0000  DE430     136.0436586604     -74.9949364944       0.000       0.000       0.000     154.52321213     140.87000000      0.000000      0.000000      0.000000
J0907-5157    57600.0000  DE430     136.8162569675     -51.9664911194       0.000       0.000       0.000      29.96109988      24.04000000      0.000000      0.000000      0.000000
J0908-1739    57600.0000  DE430     137.1592792975     -17.6611070333       0.000       0.000       0.000      68.14051799     113.90000000      0.000000      0.000000      0.000000
J0908-4913    57600.0000  DE430     137.1477846575     -49.2180568389       0.000       0.000       0.000     157.48871288     170.15000000      0.000000      0.000000      0.000000
J0909-7212    57600.0000  DE430     137.3992470883     -72.2024853250       0.000       0.000       0.000     147.12655485     178.74000000      0.000000      0.000000      0.000000
J0922+0638    57600.0000  DE430     140.5577117467       6.6388864056       0.000       0.000       0.000     493.17073387    1362.80000000      0.000000      0.000000      0.000000
J0924-5302    57600.0000  DE430     141.0363455858     -53.0451791944       0.000       0.000       0.000     374.34593277     385.33000000      0.000000      0.000000      0.000000
J0924-5814    57600.0000  DE430     141.1284301233     -58.2347506611       0.000       0.000       0.000     116.73548819     108.96000000      0.000000      0.000000      0.000000
J0934-5249    57600.0000  DE430     143.6176575737     -52.8242515111       0.000       0.000       0.000      48.62707118      52.46600000      0.000000      0.000000      0.000000
J0942-5552    57600.0000  DE430     145.5620312142     -55.8819741028       0.000       0.000       0.000     526.59206698     597.59000000      0.000000      0.000000      0.000000
J0942-5657    57600.0000  DE430     145.7267614787     -56.9620039417       0.000       0.000       0.000      41.21347725      33.11000000      0.000000      0.000000      0.000000
J0944-1354    57600.0000  DE430     146.1206981233     -13.9116359333       0.000       0.000       0.000      14.77550335      22.97200000      0.000000      0.000000      0.000000
J0953+0755    57600.0000  DE430     148.2888008271       7.9269201472       0.000       0.000       0.000      36.81186100     103.71000000      0.000000      0.000000      0.000000
J0955-5304    57600.0000  DE430     148.8727560642     -53.0712895194       0.000       0.000       0.000      11.52945201      11.71300000      0.000000      0.000000      0.000000
J0959-4809    57600.0000  DE430     149.8592179308     -48.1631865722       0.000       0.000       0.000      66.90957229      71.17000000      0.000000      0.000000      0.000000
J1001-5507    57600.0000  DE430     150.4077409313     -55.1182213778       0.000       0.000       0.000     452.83857270     492.46000000      0.000000      0.000000      0.000000
J1003-4747    57600.0000  DE430     150.8397079646     -47.7836639083       0.000       0.000       0.000      17.83676504      21.00300000      0.000000      0.000000      0.000000
J1012-5857    57600.0000  DE430     153.2019584725     -58.9634742139       0.000       0.000       0.000      41.82962100      39.87600000      0.000000      0.000000      0.000000
J1013-5934    57600.0000  DE430     153.3827031763     -59.5740665417       0.000       0.000       0.000      19.72623181      16.28900000      0.000000      0.000000      0.000000
J1016-5345    57600.0000  DE430     154.1297308621     -53.7539631861       0.000       0.000       0.000      38.69460917      33.28400000      0.000000      0.000000      0.000000
J1017-5621    57600.0000  DE430     154.3034650200     -56.3584769528       0.000       0.000       0.000       8.46947607       7.78440000      0.000000      0.000000      0.000000
J1017-7156    57600.0000  DE430     154.4638218396     -71.9448877806       0.000       0.000       0.000       2.73076139       2.16460000      0.000000      0.000000      0.000000
J1022+1001    57600.0000  DE430     155.7430707446      10.0349714028     -11.934       0.000       0.000    1952.95864482    5020.10000000      0.000000      0.000000      0.000000
J1032-5911    57600.0000  DE430     158.0203204775     -59.1985612111       0.000       0.000       0.000     148.41931604     131.94000000      0.000000      0.000000      0.000000
J1034-3224    57600.0000  DE430     158.5811125046     -32.4072866833       0.000       0.000       0.000     199.98825527     203.36000000      0.000000      0.000000      0.000000
J1036-4926    57600.0000  DE430     159.0546727787     -49.4392483139       0.000       0.000       0.000      70.64976702     104.65000000      0.000000      0.000000      0.000000
J1041-1942    57600.0000  DE430     160.4007990792     -19.7038155306       0.000       0.000       0.000     141.04492915     203.62000000      0.000000      0.000000      0.000000
J1042-5521    57600.0000  DE430     160.5020224546     -55.3516093806       0.000       0.000       0.000      80.68076453      66.53700000      0.000000      0.000000      0.000000
J1043-6116    57600.0000  DE430     160.9800951217     -61.2809155861       0.000       0.000       0.000      62.90117853      85.24900000      0.000000      0.000000      0.000000
J1045-4509    57600.0000  DE430     161.4590810171     -45.1650295028       0.000       0.000       0.000       5.58381467       6.78410000      0.000000      0.000000      0.000000
J1046-5813    57600.0000  DE430     161.5783969963     -58.2310810194       0.000       0.000       0.000      21.33961912      21.22800000      0.000000      0.000000      0.000000
J1047-6709    57600.0000  DE430     161.8678557617     -67.1643373278       0.000       0.000       0.000      30.33558286      41.79500000      0.000000      0.000000      0.000000
J1048-5832    57600.0000  DE430     162.0549455875     -58.5345415361       0.000       0.000       0.000    1184.56539830    1681.80000000      0.000000      0.000000      0.000000
J1056-6258    57600.0000  DE430     164.1064048854     -62.9799359389       0.000       0.000       0.000     124.05183739     119.58000000      0.000000      0.000000      0.000000
J1057-5226    57600.0000  DE430     164.4961207475     -52.4489172056       0.000       0.000       0.000      74.64648434      81.76600000      0.000000      0.000000      0.000000
J1057-7914    57600.0000  DE430     164.3654594771     -79.2398922778       0.000       0.000       0.000     283.96666959     327.47000000      0.000000      0.000000      0.000000
J1059-5742    57600.0000  DE430     164.7537028812     -57.7040419833       0.000       0.000       0.000      36.51276293      31.97800000      0.000000      0.000000      0.000000
J1105-6107    57600.0000  DE430     166.3591942542     -61.1300108500       0.000       0.000       0.000     853.80139430     806.62000000      0.000000      0.000000      0.000000
J1110-5637    57600.0000  DE430     167.5015469871     -56.6257160194       0.000       0.000       0.000      50.63670540      48.50800000      0.000000      0.000000      0.000000
J1112-6613    57600.0000  DE430     168.1600615887     -66.2179621222       0.000       0.000       0.000      29.90927511      29.20200000      0.000000      0.000000      0.000000
J1112-6926    57600.0000  DE430     168.2115991417     -69.4423139389       0.000       0.000       0.000     104.14941021      69.36600000      0.000000      0.000000      0.000000
J1114-6100    57600.0000  DE430     168.5945551429     -61.0089347806       0.000       0.000       0.000     400.42974838     352.75000000      0.000000      0.000000      0.000000
J1116-4122    57600.0000  DE430     169.1795125304     -41.3791301639       0.000       0.000       0.000      50.30434179      87.56000000      0.000000      0.000000      0.000000
J1121-5444    57600.0000  DE430     170.3301331975     -54.7346970083       0.000       0.000       0.000     148.31885410     142.43000000      0.000000      0.000000      0.000000
J1123-6259    57600.0000  DE430     170.9813861733     -62.9863685833       0.000       0.000       0.000     120.51581212      82.08400000      0.000000      0.000000      0.000000
J1126-6942    57600.0000  DE430     171.5902712575     -69.7044081778       0.000       0.000       0.000     221.04743185     175.31000000      0.000000      0.000000      0.000000
J1133-6250    57600.0000  DE430     173.4641074971     -62.8476927361       0.000       0.000       0.000    1145.36585975    1519.40000000      0.000000      0.000000      0.000000
J1136+1551    57600.0000  DE430     174.0128942329      15.8544289028       0.000       0.000       0.000      80.22592958     169.28000000      0.000000      0.000000      0.000000
J1136-5525    57600.0000  DE430     174.0093142762     -55.4185675611       0.000       0.000       0.000      51.00189854      57.54300000      0.000000      0.000000      0.000000
J1141-3322    57600.0000  DE430     175.4281533217     -33.3770332389       0.000       0.000       0.000      36.83653964      58.40500000      0.000000      0.000000      0.000000
J1141-6545    57600.0000  DE430     175.2791695158     -65.7552930389       0.000       0.000       0.000      38.55427929      36.30300000      0.000000      0.000000      0.000000
J1146-6030    57600.0000  DE430     176.5321468308     -60.5165619139       0.000       0.000       0.000       9.60178266       9.16590000      0.000000      0.000000      0.000000
J1157-6224    57600.0000  DE430     179.3133669075     -62.4141391667       0.000       0.000       0.000      53.13881802      52.59100000      0.000000      0.000000      0.000000
J1202-5820    57600.0000  DE430     180.6181594800     -58.3426140556       0.000       0.000       0.000      50.30264135      52.73300000      0.000000      0.000000      0.000000
J1210-5559    57600.0000  DE430     182.5249461204     -55.9844028111       0.000       0.000       0.000       2.09790353       2.92940000      0.000000      0.000000      0.000000
J1224-6407    57600.0000  DE430     186.0927701221     -64.1316104083       0.000       0.000       0.000      15.59442871      15.56500000      0.000000      0.000000      0.000000
J1231-6303    57600.0000  DE430     187.8041666667     -63.0550000000       0.000       0.000       0.000    1332.14888812    1328.80000000      0.000000      0.000000      0.000000
J1239-6832    57600.0000  DE430     189.9957063500     -68.5413725250       0.000       0.000       0.000     114.31982367      94.21200000      0.000000      0.000000      0.000000
J1243-6423    57600.0000  DE430     190.8213359512     -64.3899780944       0.000       0.000       0.000      39.98144189      41.21200000      0.000000      0.000000      0.000000
J1253-5820    57600.0000  DE430     193.3684122462     -58.3445765833       0.000       0.000       0.000      22.14906242      25.42200000      0.000000      0.000000      0.000000
J1257-1027    57600.0000  DE430     194.2699152767     -10.4513263194       0.000       0.000       0.000     135.95093592     331.98000000      0.000000      0.000000      0.000000
J1259-6741    57600.0000  DE430     194.8443664004     -67.6945215833       0.000       0.000       0.000      78.19568096      65.59500000      0.000000      0.000000      0.000000
J1305-6455    57600.0000  DE430     196.3478123292     -64.9245833472       0.000       0.000       0.000     163.75415143     171.95000000      0.000000      0.000000      0.000000
J1306-6617    57600.0000  DE430     196.6588415950     -66.2892309861       0.000       0.000       0.000     105.99075604     161.51000000      0.000000      0.000000      0.000000
J1312-5402    57600.0000  DE430     198.0196168887     -54.0451590722       0.000       0.000       0.000     248.60996194     245.96000000      0.000000      0.000000      0.000000
J1312-5516    57600.0000  DE430     198.2230545671     -55.2798108444       0.000       0.000       0.000      83.77024219     116.97000000      0.000000      0.000000      0.000000
J1319-6056    57600.0000  DE430     199.8343757479     -60.9463313611       0.000       0.000       0.000      53.37083242      66.64900000      0.000000      0.000000      0.000000
J1320-5359    57600.0000  DE430     200.2247178787     -53.9847130583       0.000       0.000       0.000      22.40372327      31.14000000      0.000000      0.000000      0.000000
J1326-5859    57600.0000  DE430     201.7425808054     -58.9914698389       0.000       0.000       0.000      60.99458662      70.66100000      0.000000      0.000000      0.000000
J1326-6408    57600.0000  DE430     201.6351384946     -64.1455017861       0.000       0.000       0.000      15.65466051      14.81900000      0.000000      0.000000      0.000000
J1326-6700    57600.0000  DE430     201.5112759479     -67.0139193611       0.000       0.000       0.000     284.08248428     306.98000000      0.000000      0.000000      0.000000
J1327-6222    57600.0000  DE430     201.8223416550     -62.3790996222       0.000       0.000       0.000     538.83222881     592.70000000      0.000000      0.000000      0.000000
J1327-6301    57600.0000  DE430     201.7809667179     -63.0209769250       0.000       0.000       0.000      23.56422885      27.59200000      0.000000      0.000000      0.000000
J1328-4357    57600.0000  DE430     202.0267493596     -43.9623636361       0.000       0.000       0.000      61.54795230      88.94500000      0.000000      0.000000      0.000000
J1338-6204    57600.0000  DE430     204.5385296350     -62.0718777278       0.000       0.000       0.000     505.08791788     512.73000000      0.000000      0.000000      0.000000
J1350-5115    57600.0000  DE430     207.5673321258     -51.2568242722       0.000       0.000       0.000      23.07343469      37.29100000      0.000000      0.000000      0.000000
J1355-5153    57600.0000  DE430     208.9945525129     -51.8983219444       0.000       0.000       0.000      20.30093001      27.50800000      0.000000      0.000000      0.000000
J1356-5521    57600.0000  DE430     209.2104095100     -55.3542234722       0.000       0.000       0.000     178.29334932     296.94000000      0.000000      0.000000      0.000000
J1359-6038    57600.0000  DE430     209.9926257292     -60.6354643778       0.000       0.000       0.000      67.19586023      79.63300000      0.000000      0.000000      0.000000
J1401-6357    57600.0000  DE430     210.4685589187     -63.9616722083       0.000       0.000       0.000      97.31357288     113.77000000      0.000000      0.000000      0.000000
J1413-6307    57600.0000  DE430     213.3805296000     -63.1262921389       0.000       0.000       0.000     287.39324796     329.96000000      0.000000      0.000000      0.000000
J1418-3921    57600.0000  DE430     214.7095267825     -39.3551923056       0.000       0.000       0.000     150.86098509     287.44000000      0.000000      0.000000      0.000000
J1420-5416    57600.0000  DE430     215.1213238246     -54.2729792056       0.000       0.000       0.000     102.09329428     106.08000000      0.000000      0.000000      0.000000
J1424-5822    57600.0000  DE430     216.1338775871     -58.3821399556       0.000       0.000       0.000      68.44390077     157.58000000      0.000000      0.000000      0.000000
J1428-5530    57600.0000  DE430     217.1093350775     -55.5139081667       0.000       0.000       0.000      33.25640245      43.16200000      0.000000      0.000000      0.000000
J1430-6623    57600.0000  DE430     217.6697192504     -66.3848739583       0.000       0.000       0.000       9.21579482      10.77300000      0.000000      0.000000      0.000000
J1435-5954    57600.0000  DE430     218.7508681142     -59.9137586778       0.000       0.000       0.000      90.64810959     102.35000000      0.000000      0.000000      0.000000
J1452-6036    57600.0000  DE430     223.2158413650     -60.6083342278       0.000       0.000       0.000      98.54311823      88.01700000      0.000000      0.000000      0.000000
J1453-6413    57600.0000  DE430     223.3860526658     -64.2211377361       0.000       0.000       0.000       7.47786950       9.75650000      0.000000      0.000000      0.000000
J1456-6843    57600.0000  DE430     223.9996434425     -68.7276388861       0.000       0.000       0.000      10.09876811      11.49900000      0.000000      0.000000      0.000000
J1457-5122    57600.0000  DE430     224.4170560246     -51.3819233278       0.000       0.000       0.000      82.12438901     135.19000000      0.000000      0.000000      0.000000
J1507-4352    57600.0000  DE430     226.8923972062     -43.8677937000       0.000       0.000       0.000      46.82402115     100.78000000      0.000000      0.000000      0.000000
J1507-6640    57600.0000  DE430     226.9526442800     -66.6827405333       0.000       0.000       0.000       7.55584907      10.10700000      0.000000      0.000000      0.000000
J1511-5414    57600.0000  DE430     227.9636901221     -54.2445337250       0.000       0.000       0.000      29.23885113      68.00100000      0.000000      0.000000      0.000000
J1512-5759    57600.0000  DE430     228.1797466446     -58.0001207861       0.000       0.000       0.000      95.62360863     135.88000000      0.000000      0.000000      0.000000
J1514-4834    57600.0000  DE430     228.5606807858     -48.5722138944       0.000       0.000       0.000      26.68769123      48.65700000      0.000000      0.000000      0.000000
J1522-5829    57600.0000  DE430     230.6760185129     -58.4841154028       0.000       0.000       0.000      32.46497552      37.11800000      0.000000      0.000000      0.000000
J1527-3931    57600.0000  DE430     231.9951206662     -39.5261800250       0.000       0.000       0.000     112.01965965     276.23000000      0.000000      0.000000      0.000000
J1527-5552    57600.0000  DE430     231.9197275967     -55.8689867944       0.000       0.000       0.000      34.89821658      66.25300000      0.000000      0.000000      0.000000
J1528-3146    57600.0000  DE430     232.1456347525     -31.7685956167       0.000       0.000       0.000      14.73576903      64.90900000      0.000000      0.000000      0.000000
J1534-5334    57600.0000  DE430     233.5344962475     -53.5721051583       0.000       0.000       0.000      13.01247043      21.24300000      0.000000      0.000000      0.000000
J1534-5405    57600.0000  DE430     233.6399967662     -54.0945833472       0.000       0.000       0.000     133.75434066     225.52000000      0.000000      0.000000      0.000000
J1539-5626    57600.0000  DE430     234.8086399304     -56.4406387861       0.000       0.000       0.000     111.21243179     180.85000000      0.000000      0.000000      0.000000
J1542-5034    57600.0000  DE430     235.6888543537     -50.5676844972       0.000       0.000       0.000     195.61849957     357.93000000      0.000000      0.000000      0.000000
J1543+0929    57600.0000  DE430     235.9117625383       9.4879101528       0.000       0.000       0.000     327.51262238     544.17000000      0.000000      0.000000      0.000000
J1544-5308    57600.0000  DE430     236.2492892142     -53.1463760000       0.000       0.000       0.000       5.85354216       9.64430000      0.000000      0.000000      0.000000
J1549-4848    57600.0000  DE430     237.3376160662     -48.8100293306       0.000       0.000       0.000      64.14121928     140.51000000      0.000000      0.000000      0.000000
J1553-5456    57600.0000  DE430     238.4983781067     -54.9350712056       0.000       0.000       0.000     127.72093421     190.75000000      0.000000      0.000000      0.000000
J1555-3134    57600.0000  DE430     238.8247821325     -31.5723105333       0.000       0.000       0.000      34.75184076     123.69000000      0.000000      0.000000      0.000000
J1557-4258    57600.0000  DE430     239.2510602312     -42.9700973000       0.000       0.000       0.000       7.27816843      14.01800000      0.000000      0.000000      0.000000
J1559-4438    57600.0000  DE430     239.9230220650     -44.6460699417       0.000       0.000       0.000      17.14870586      39.40300000      0.000000      0.000000      0.000000
J1559-5545    57600.0000  DE430     239.8365935058     -55.7631319611       0.000       0.000       0.000     983.93005052    1753.80000000      0.000000      0.000000      0.000000
J1600-3053    57600.0000  DE430     240.2162254675     -30.8971414167      75.629     202.723     108.811       9.44706184      35.38400000      0.000000      0.000000      0.000000
J1600-5044    57600.0000  DE430     240.2209739112     -50.7391496444       0.000       0.000       0.000      47.59679647      86.56800000      0.000000      0.000000      0.000000
J1603-2531    57600.0000  DE430     240.7701057763     -25.5299750361       0.000       0.000       0.000      94.12922527     475.44000000      0.000000      0.000000      0.000000
J1603-2712    57600.0000  DE430     240.7834859687     -27.2241907917       0.000       0.000       0.000     171.94466402     790.82000000      0.000000      0.000000      0.000000
J1603-7202    57600.0000  DE430     240.8986403004     -72.0424431806       0.000       0.000       0.000       4.18765307       7.55810000      0.000000      0.000000      0.000000
J1604-4909    57600.0000  DE430     241.0957737171     -49.1662041306       0.000       0.000       0.000      28.86103566      56.50400000      0.000000      0.000000      0.000000
J1605-5257    57600.0000  DE430     241.3177729892     -52.9596692472       0.000       0.000       0.000      30.11312927      53.29200000      0.000000      0.000000      0.000000
J1613-4714    57600.0000  DE430     243.3709087700     -47.2406711778       0.000       0.000       0.000      44.42073671      86.77500000      0.000000      0.000000      0.000000
J1622-4950    57600.0000  DE430     245.6866666667     -49.8484722222       0.000       0.000       0.000       0.00000000       0.00000000      0.000000      0.000000      0.000000
J1623-0908    57600.0000  DE430     245.8235777837      -9.1469383194       0.000       0.000       0.000      59.86938982     310.32000000      0.000000      0.000000      0.000000
J1623-4256    57600.0000  DE430     245.9512146300     -42.9479485056       0.000       0.000       0.000      72.10629176     134.10000000      0.000000      0.000000      0.000000
J1626-4537    57600.0000  DE430     246.7039545167     -45.6238355778       0.000       0.000       0.000     135.73646034     641.83000000      0.000000      0.000000      0.000000
J1633-4453    57600.0000  DE430     248.4459989525     -44.8857178056       0.000       0.000       0.000     404.61918550     747.24000000      0.000000      0.000000      0.000000
J1633-5015    57600.0000  DE430     248.2503587650     -50.2523218000       0.000       0.000       0.000      18.13872177      36.22800000      0.000000      0.000000      0.000000
J1639-4604    57600.0000  DE430     249.8383268012     -46.0758975833       0.000       0.000       0.000      35.81494233      72.19200000      0.000000      0.000000      0.000000
J1644-4559    57600.0000  DE430     251.2051436142     -45.9862055389       0.000       0.000       0.000      68.01601698     168.55000000      0.000000      0.000000      0.000000
J1646-6831    57600.0000  DE430     251.7288012479     -68.5310301806       0.000       0.000       0.000     165.85166678     158.13000000      0.000000      0.000000      0.000000
J1651-4246    57600.0000  DE430     252.9533220825     -42.7694387306       0.000       0.000       0.000      66.52416659     158.35000000      0.000000      0.000000      0.000000
J1651-5222    57600.0000  DE430     252.9290122521     -52.3828853806       0.000       0.000       0.000      21.78055891      38.70600000      0.000000      0.000000      0.000000
J1651-5255    57600.0000  DE430     252.9225805192     -52.9299419583       0.000       0.000       0.000     129.23539775     284.45000000      0.000000      0.000000      0.000000
J1652-2404    57600.0000  DE430     253.2437630142     -24.0651173833       0.000       0.000       0.000     780.35691871    7081.50000000      0.000000      0.000000      0.000000
J1700-3312    57600.0000  DE430     255.2207014337     -33.2127249333       0.000       0.000       0.000     303.46285092    1540.90000000      0.000000      0.000000      0.000000
J1701-3726    57600.0000  DE430     255.3269129079     -37.4408940694       0.000       0.000       0.000     140.27260775     511.29000000      0.000000      0.000000      0.000000
J1703-1846    57600.0000  DE430     255.9629282825     -18.7704763056       0.000       0.000       0.000     135.44806770    1185.60000000      0.000000      0.000000      0.000000
J1703-3241    57600.0000  DE430     255.8438120287     -32.6968191639       0.000       0.000       0.000      30.14651510     182.29000000      0.000000      0.000000      0.000000
J1703-4851    57600.0000  DE430     255.9772561654     -48.8669573667       0.000       0.000       0.000      71.00496773     160.46000000      0.000000      0.000000      0.000000
J1705-1906    48733.0000  DE430     256.4003902342     -19.1108890889     -77.000     -52.000       0.000      38.85752095     336.43000000      0.000000      0.000000      0.000000
J1705-3423    57600.0000  DE430     256.4265099200     -34.3953244611       0.000       0.000       0.000      45.39656791     201.99000000      0.000000      0.000000      0.000000
J1707-4053    57600.0000  DE430     256.8407654200     -40.8986661111       0.000       0.000       0.000     283.76823179     925.82000000      0.000000      0.000000      0.000000
J1708-3426    57600.0000  DE430     257.2408110737     -34.4455640500       0.000       0.000       0.000     138.53117390     602.01000000      0.000000      0.000000      0.000000
J1709-1640    46993.0000  DE430     257.3602172483     -16.6831119306      -2.000      47.000       0.000      57.96008813     428.47000000      0.000000      0.000000      0.000000
J1709-4429    57600.0000  DE430     257.4276039429     -44.4869330417       0.000       0.000       0.000     555.59322568    1238.20000000      0.000000      0.000000      0.000000
J1711-5350    57600.0000  DE430     257.9713832629     -53.8384277500       0.000       0.000       0.000     134.34879333     259.20000000      0.000000      0.000000      0.000000
J1715-4034    57600.0000  DE430     258.9205368117     -40.5718994167       0.000       0.000       0.000     419.51037673    1049.40000000      0.000000      0.000000      0.000000
J1717-3425    50253.0000  DE430     259.3346083162     -34.4167554778       0.000       0.000       0.000     170.03420753     824.67000000      0.000000      0.000000      0.000000
J1717-4054    57600.0000  DE430     259.4679904333     -41.0536337000       0.000       0.000       0.000     161.27832393     436.30000000      0.000000      0.000000      0.000000
J1720-1633    57600.0000  DE430     260.1051515654     -16.5598151556       0.000       0.000       0.000     192.50490817    1629.40000000      0.000000      0.000000      0.000000
J1720-2933    57600.0000  DE430     260.1422129429     -29.5539034917       0.000       0.000       0.000      74.67849202     567.84000000      0.000000      0.000000      0.000000
J1722-3207    57600.0000  DE430     260.5123505454     -32.1291863833       0.000       0.000       0.000      14.08228724      61.72800000      0.000000      0.000000      0.000000
J1722-3712    57600.0000  DE430     260.7465416667     -37.2010277778       0.000       0.000       0.000     666.17270891    2661.20000000      0.000000      0.000000      0.000000
J1727-2739    52263.0000  DE421     261.8791233979     -27.6482726139       0.000       0.000       0.000     508.22188162    4252.90000000      0.000000      0.000000      0.000000
J1730-2304    57600.0000  DE430     262.5903453425     -23.0751517611       0.000       0.000       0.000      63.38143861    1239.90000000      0.000000      0.000000      0.000000
J1731-4744    57600.0000  DE430     262.9258763454     -47.7441095944       0.000       0.000       0.000     197.81925334     479.52000000      0.000000      0.000000      0.000000
J1733-2228    48712.0000  DE430     263.3601250000     -22.4769444444       0.000       0.000       0.000     510.88423276   10811.00000000      0.000000      0.000000      0.000000
J1736-2457    57600.0000  DE430     264.1893333333     -24.9638888889       0.000       0.000       0.000    2439.59054107   33593.00000000      0.000000      0.000000      0.000000
J1739-2903    57600.0000  DE430     264.8928553233     -29.0511006083       0.000       0.000       0.000      37.49213078     336.57000000      0.000000      0.000000      0.000000
J1740-3015    57600.0000  DE430     265.1416145358     -30.2562326361       0.000       0.000       0.000     753.45862860    5819.10000000      0.000000      0.000000      0.000000
J1741-3927    57600.0000  DE430     265.3253321675     -39.4605889972       0.000       0.000       0.000      22.00376496      73.41100000      0.000000      0.000000      0.000000
J1743-3150    57600.0000  DE430     265.9029588262     -31.8396611111       0.000       0.000       0.000     113.62603183     912.58000000      0.000000      0.000000      0.000000
J1745-3040    53895.0000  DE430     266.4846174429     -30.6731393111      15.000      47.000       0.000       8.49981148      69.61000000      0.000000      0.000000      0.000000
J1751-4657    57600.0000  DE430     267.9257747504     -46.9574245167       0.000       0.000       0.000      15.82506891      43.99400000      0.000000      0.000000      0.000000
J1752-2806    57600.0000  DE430     268.2446151700     -28.1100449750       0.000       0.000       0.000     110.99997983    1363.00000000      0.000000      0.000000      0.000000
J1757-2421    57600.0000  DE430     269.3723808704     -24.3317949889       0.000       0.000       0.000     220.89911132   10117.15941934      0.000000      0.000000      0.000000
J1759-2205    57600.0000  DE430     269.8506847979     -22.0925003083       0.000       0.000       0.000      59.92271734    2830.60000000      0.000000      0.000000      0.000000
J1759-3107    57600.0000  DE430     269.8419008525     -31.1227332417       0.000       0.000       0.000      63.68716590     566.33000000      0.000000      0.000000      0.000000
J1801-0357    57600.0000  DE430     270.3442854167      -3.9654965278       0.000       0.000       0.000      58.94803245     272.20000000      0.000000      0.000000      0.000000
J1801-2920    57600.0000  DE430     270.4451628371     -29.3439312139       0.000       0.000       0.000      46.25686654     357.33000000      0.000000      0.000000      0.000000
J1803-2137    57600.0000  DE430     270.9642104167     -21.6187086111       0.000       0.000       0.000    2226.29426582   27172.00000000      0.000000      0.000000      0.000000
J1805-1504    53035.0000  DE405     271.2754166667     -15.0766666667       0.000       0.000       0.000    4053.69224469   10880.00000000      0.000000      0.000000      0.000000
J1807-0847    57600.0000  DE430     271.9084414654      -8.7953571028       0.000       0.000       0.000       2.99214601      11.64900000      0.000000      0.000000      0.000000
J1807-2715    57600.0000  DE430     271.7853825975     -27.2505769944       0.000       0.000       0.000      47.53194395     521.22000000      0.000000      0.000000      0.000000
J1808-0813    50862.0000  DE430     272.0393000000      -8.2171666667       0.000       0.000       0.000     157.97630506     449.12000000      0.000000      0.000000      0.000000
J1809-2109    57600.0000  DE430     272.3097041667     -21.1508055556       0.000       0.000       0.000     457.59684766    5862.20000000      0.000000      0.000000      0.000000
J1810-5338    57600.0000  DE430     272.6853066596     -53.6354531167       0.000       0.000       0.000      31.19682046      65.82500000      0.000000      0.000000      0.000000
J1816-2650    57600.0000  DE430     274.1474987412     -26.8315265472       0.000       0.000       0.000      92.91643640    1092.80000000      0.000000      0.000000      0.000000
J1818-1422    57600.0000  DE430     274.5990644071     -14.3775241417       0.000       0.000       0.000     177.84976589    1117.00000000      0.000000      0.000000      0.000000
J1820-0427    57600.0000  DE430     275.2189968504      -4.4605322056       0.000       0.000       0.000      43.42208117     139.84000000      0.000000      0.000000      0.000000
J1822-2256    57600.0000  DE430     275.7456434550     -22.9415020361       0.000       0.000       0.000     680.53833195   16671.00000000      0.000000      0.000000      0.000000
J1823-0154    57600.0000  DE430     275.9672440854      -1.9013722889       0.000       0.000       0.000      56.13957373     134.88000000      0.000000      0.000000      0.000000
J1823-1115    49465.0000  DE430     275.9179166667     -11.2530555556       0.000       0.000       0.000     224.64648510    1035.50000000      0.000000      0.000000      0.000000
J1823-3106    57600.0000  DE430     275.9450828533     -31.1133402861       0.000       0.000       0.000      53.25661144     304.36000000      0.000000      0.000000      0.000000
J1824-0127    57600.0000  DE430     276.2226250000      -1.4642777778       0.000       0.000       0.000     176.46235761     452.31000000      0.000000      0.000000      0.000000
J1824-1945    57600.0000  DE430     276.0018167562     -19.7623659528       0.000       0.000       0.000      68.04316303     886.75000000      0.000000      0.000000      0.000000
J1825-0935    53300.0000  DE405     276.3776208333      -9.5895277778     -13.000      -9.000       0.000     956.77602554    4722.00000000      0.000000      0.000000      0.000000
J1827-0750    57600.0000  DE430     276.7612797267      -7.8376289722       0.000       0.000       0.000     100.14962996     285.78000000      0.000000      0.000000      0.000000
J1829-1751    57600.0000  DE430     277.4298249875     -17.8536512722       0.000       0.000       0.000     148.80157319    1396.10000000      0.000000      0.000000      0.000000
J1830-1135    57600.0000  DE430     277.5074460600     -11.5908355833       0.000       0.000       0.000    1024.73791222    6151.60000000      0.000000      0.000000      0.000000
J1832-0827    57600.0000  DE430     278.1542249808      -8.4508792917       0.000       0.000       0.000      41.15078919     147.41000000      0.000000      0.000000      0.000000
J1833-0338    57600.0000  DE430     278.4251177337      -3.6522228222       0.000       0.000       0.000     123.87291240     373.06000000      0.000000      0.000000      0.000000
J1833-0827    57600.0000  DE430     278.4176886533      -8.4585966472       0.000       0.000       0.000      42.52088897     129.75000000      0.000000      0.000000      0.000000
J1834-0426    57600.0000  DE430     278.6067558371      -4.4377074556       0.000       0.000       0.000      50.08439778     219.71000000      0.000000      0.000000      0.000000
J1835-1020    57600.0000  DE430     278.9893411112     -10.3308759500       0.000       0.000       0.000     458.68648825    2175.80000000      0.000000      0.000000      0.000000
J1836-0436    57600.0000  DE430     279.2157264304      -4.6103760111       0.000       0.000       0.000     268.00501150     796.28000000      0.000000      0.000000      0.000000
J1836-1008    57600.0000  DE430     279.2246789042     -10.1359426528       0.000       0.000       0.000      46.16261640     204.62000000      0.000000      0.000000      0.000000
J1837-0653    57600.0000  DE430     279.3105606479      -6.8820996833       0.000       0.000       0.000    1132.45623879    5084.70000000      0.000000      0.000000      0.000000
J1840-0809    57600.0000  DE430     280.1390228767      -8.1510062861       0.000       0.000       0.000     102.65339500     425.11000000      0.000000      0.000000      0.000000
J1840-0815    57600.0000  DE430     280.0573195263      -8.2524679639       0.000       0.000       0.000     134.45418721     458.34000000      0.000000      0.000000      0.000000
J1841+0912    57600.0000  DE430     280.4830077408       9.2020250528       0.000       0.000       0.000     115.87482065     233.58000000      0.000000      0.000000      0.000000
J1841-0425    57600.0000  DE430     280.2735958333      -4.4220833333       0.000       0.000       0.000      85.98127884     291.44000000      0.000000      0.000000      0.000000
J1842-0359    57600.0000  DE430     280.6103837121      -4.0004223194       0.000       0.000       0.000     245.32581261     788.56000000      0.000000      0.000000      0.000000
J1843-0000    57600.0000  DE430     280.8665232392      -0.0115414222       0.000       0.000       0.000     138.03149720     276.68000000      0.000000      0.000000      0.000000
J1844-0433    57600.0000  DE430     281.1393616712      -4.5534989306       0.000       0.000       0.000      55.40706158     161.65000000      0.000000      0.000000      0.000000
J1845-0743    57600.0000  DE430     281.4882346442      -7.7272671722       0.000       0.000       0.000      14.39706685      53.50800000      0.000000      0.000000      0.000000
J1847-0402    48736.0000  DE430     281.8452100850      -4.0374178778      -1.000       8.000       0.000      24.53595718      71.18500000      0.000000      0.000000      0.000000
J1848-0123    57600.0000  DE430     282.0983184058      -1.3995784278       0.000       0.000       0.000      26.09371313      66.88400000      0.000000      0.000000      0.000000
J1849-0636    57600.0000  DE430     282.2769363275      -6.6185874917       0.000       0.000       0.000      42.96126052     114.66000000      0.000000      0.000000      0.000000
J1852-0635    57600.0000  DE430     283.2393679342      -6.6001272722       0.000       0.000       0.000      86.46214992     221.16000000      0.000000      0.000000      0.000000
J1852-2610    57600.0000  DE430     283.2477970187     -26.1704593083       0.000       0.000       0.000      73.73160649     611.80000000      0.000000      0.000000      0.000000
J1857+0212    57600.0000  DE430     284.4318956596       2.2114101278       0.000       0.000       0.000     125.02481861     310.24000000      0.000000      0.000000      0.000000
J1900-2600    57600.0000  DE430     285.1980957408     -26.0124478639       0.000       0.000       0.000      73.54681257     606.79000000      0.000000      0.000000      0.000000
J1901+0331    57600.0000  DE430     285.3823436879       3.5185380000       0.000       0.000       0.000     204.03466707     457.13000000      0.000000      0.000000      0.000000
J1901+0716    57600.0000  DE430     285.4125902750       7.2760163556       0.000       0.000       0.000     260.02912921     528.02000000      0.000000      0.000000      0.000000
J1901-0906    56000.0000  DE430     285.4708633342      -9.1030375389      -7.530     -18.210       0.510      59.04585675     245.30000000      0.000000      0.000000      0.000000
J1902+0556    57600.0000  DE430     285.6775203679       5.9405247778       0.000       0.000       0.000     155.62476169     192.50000000      0.000000      0.000000      0.000000
J1902+0615    57600.0000  DE430     285.7094875000       6.2759472222       0.000       0.000       0.000      48.89917713      79.80300000      0.000000      0.000000      0.000000
J1903+0135    57600.0000  DE430     285.8748890317       1.5940929417       0.000       0.000       0.000      15.66293591      40.16700000      0.000000      0.000000      0.000000
J1903-0632    57600.0000  DE430     285.9080607517      -6.5393113500       0.000       0.000       0.000      32.43062306      94.50600000      0.000000      0.000000      0.000000
J1905-0056    57600.0000  DE430     286.3656351108      -0.9446756028       0.000       0.000       0.000      99.35849345     366.29000000      0.000000      0.000000      0.000000
J1909+0007    57600.0000  DE430     287.3968861129       0.1324565083       0.000       0.000       0.000      36.80840164      94.36200000      0.000000      0.000000      0.000000
J1909+0254    57600.0000  DE430     287.4096332129       2.9139892583       0.000       0.000       0.000      38.87616705      90.49600000      0.000000      0.000000      0.000000
J1909+1102    57600.0000  DE430     287.4528455187      11.0341789028       0.000       0.000       0.000      14.52585530      32.63000000      0.000000      0.000000      0.000000
J1909-3744    57600.0000  DE430     287.4476159754     -37.7374352833      -8.234     -35.608       0.000       0.85158676       3.31600000      0.000000      0.000000      0.000000
J1910+0358    57600.0000  DE430     287.5375676292       3.9750471222       0.000       0.000       0.000     483.21474413    1442.60000000      0.000000      0.000000      0.000000
J1910-0309    49985.0000  DE430     287.6237168913      -3.1650479583       0.000       0.000       0.000      34.77687140     103.78000000      0.000000      0.000000      0.000000
J1913+1400    57600.0000  DE430     288.3514682129      14.0145841389       0.000       0.000       0.000      24.24906125      37.42000000      0.000000      0.000000      0.000000
J1913-0440    57600.0000  DE430     288.4756768429      -4.6798786667       0.000       0.000       0.000      13.77940718      45.96900000      0.000000      0.000000      0.000000
J1915+1009    57600.0000  DE430     288.8749715808      10.1621061417       0.000       0.000       0.000      23.89517053      30.73800000      0.000000      0.000000      0.000000
J1916+0951    57600.0000  DE430     289.1347214662       9.8572156583       0.000       0.000       0.000      24.12156814      39.01000000      0.000000      0.000000      0.000000
J1916+1312    57600.0000  DE430     289.2444583333      13.2138944444       0.000       0.000       0.000     303.14061452     477.53000000      0.000000      0.000000      0.000000
J1917+1353    57600.0000  DE430     289.4158124212      13.8992137611       0.000       0.000       0.000      50.06729935      81.71600000      0.000000      0.000000      0.000000
J1919+0021    56000.0000  DE430     289.9611287162       0.3610603444      10.170      -4.700       0.160      41.97666651     100.79000000      0.000000      0.000000      0.000000
J1926+0431    57600.0000  DE430     291.6019707008       4.5254291139       0.000       0.000       0.000      41.44289414      81.31700000      0.000000      0.000000      0.000000
J1932+1059    57600.0000  DE430     293.0584935237      10.9925584750       0.000       0.000       0.000      29.46133854      54.22500000      0.000000      0.000000      0.000000
J1932-3655    57600.0000  DE430     293.0255335096     -36.9171611583       0.000       0.000       0.000      77.80780573     358.04000000      0.000000      0.000000      0.000000
J1935+1616    57600.0000  DE430     293.9492729342      16.2777010833       0.000       0.000       0.000       3.02675425       4.11230000      0.000000      0.000000      0.000000
J1941-2602    57600.0000  DE430     295.2517373308     -26.0349679917       0.000       0.000       0.000      18.48493309      93.88100000      0.000000      0.000000      0.000000
J1943-1237    57600.0000  DE430     295.8560887004     -12.6285895028       0.000       0.000       0.000      49.25243455     248.51000000      0.000000      0.000000      0.000000
J1945-0040    57600.0000  DE405     296.3680657029      -0.6831379111       0.000       0.000       0.000     546.93612201    1009.70000000      0.000000      0.000000      0.000000
J1946-2913    57600.0000  DE430     296.7156545037     -29.2300364000       0.000       0.000       0.000      75.41406808     344.47000000      0.000000      0.000000      0.000000
J2006-0807    56000.0000  DE430     301.5681876625      -8.1172690000      -6.180     -10.620       0.420      71.45238413     231.71000000      0.000000      0.000000      0.000000
J2033+0042    57600.0000  DE430     308.3796966754       0.7066947278       0.000       0.000       0.000     383.11585621     953.64000000      0.000000      0.000000      0.000000
J2038-3816    57600.0000  DE430     309.7265278083     -38.2710187639       0.000       0.000       0.000     390.93937419     950.26000000      0.000000      0.000000      0.000000
J2046+1540    56000.0000  DE430     311.6639003808      15.6760068194     -13.000       3.000       0.310      72.22337127     108.04000000      0.000000      0.000000      0.000000
J2046-0421    57600.0000  DE430     311.5007333750      -4.3573290389       0.000       0.000       0.000      41.93843029     133.38000000      0.000000      0.000000      0.000000
J2048-1616    57600.0000  DE430     312.1489291754     -16.2792637278       0.000       0.000       0.000     385.60896295    1387.40000000      0.000000      0.000000      0.000000
J2051-0827    57600.0000  DE430     312.7813357746      -8.4604488722       0.000       0.000       0.000       7.82238756      24.05400000      0.000000      0.000000      0.000000
J2053-7200    57600.0000  DE430     313.4470026037     -72.0118022361       0.000       0.000       0.000      23.02214841      24.78700000      0.000000      0.000000      0.000000
J2116+1414    57600.0000  DE430     319.0573399637      14.2389956222       0.000       0.000       0.000      25.11205879      40.63700000      0.000000      0.000000      0.000000
J2129-5721    57600.0000  DE430     322.3449026975     -57.3539709528      10.132      -7.808       0.000       0.80764986       0.71730000      0.000000      0.000000      0.000000
J2144-3933    57600.0000  DE430     326.0500587508     -39.5662417861       0.000       0.000       0.000     213.81753710     348.44000000      0.000000      0.000000      0.000000
J2145-0750    57600.0000  DE430     326.4602303467      -7.8384907083       0.000       0.000       0.000      11.91967741      33.63600000      0.000000      0.000000      0.000000
J2155-3118    57600.0000  DE430     328.8068397842     -31.3149520667       0.000       0.000       0.000     136.10650473     229.82000000      0.000000      0.000000      0.000000
J2222-0137    55473.0000  DE430     335.5248630646      -1.6210366056      44.730      -5.680       0.000       2.30622667       5.60280000      0.000000      0.000000      0.000000
J2241-5236    57600.0000  DE430     340.4251314558     -52.6100691944      17.796      -5.320       6.488       0.55401804       0.65664000      0.000000      0.000000      0.000000
J2248-0101    56000.0000  DE430     342.1120208275      -1.0300137222     -10.550     -17.410       0.260      99.68738948     223.17000000      0.000000      0.000000      0.000000
J2324-6054    57600.0000  DE430     351.1131140942     -60.9016095806       0.000       0.000       0.000     105.45893586      98.21000000      0.000000      0.000000      0.000000
J2330-2005    57600.0000  DE430     352.6124424137     -20.0915973861       0.000       0.000       0.000      39.42998774      78.66200000      0.000000      0.000000      0.000000
J2346-0609    57600.0000  DE430     356.7106176329      -6.1669556139       0.000       0.000       0.000     182.10503980     408.15000000      0.000000      0.000000      0.000000
